t,S(t),C(t),A_spiral(t),E(t),L(t),cpu_step(t),effort(t),A_mean(t),f_mean(t),variance_d2S,entropy_S,mean_abs_error,mean_high_effort,d_effort_dt,t_retour,max_median_ratio,continuous_resilience,effort_status,En_mean(t),On_mean(t),gamma_mean(t),In_mean(t),An_mean(t),fn_mean(t)
0,-0.000001,0.926469,0,0.001002,0,0.000022,0,0.000457,1.339942,0,0.100000,0.493788,0,0,0,1,1,stable,0.493788,-0.000000,0.000000,0.100000,0.000457,1.339942
0.100000,0.000034,0.928852,0,0.001178,0,0.000020,1.469153,0.000539,1.348769,0,0.100000,0.469099,1.469153,0,0,1,1,stable,0.469099,0.000000,0.000000,0.120927,0.000539,1.348769
0.200000,0.000059,0.926365,-0.000000,0.001374,0,0.000020,1.461680,0.000630,1.356829,0,0.100000,0.445644,1.461680,14.691532,0,1,1,stable,0.445644,0.000000,0.000000,0.141753,0.000630,1.356829
0.300000,0.000062,0.916137,-0.000000,0.001590,0,0.000020,1.452864,0.000733,1.363293,0.000000,0.100000,0.423362,1.452864,-0.074729,0,1,1,stable,0.423362,0.000000,0.000000,0.162379,0.000733,1.363293
0.400000,0.000045,0.899078,-0.000000,0.001828,0,0.000020,1.442988,0.000846,1.367475,0.000000,0.100000,0.402194,1.442988,-0.088159,0,1,1,stable,0.402194,0.000000,0.000000,0.182707,0.000846,1.367475
0.500000,0.000018,0.880554,-0.000000,0.002087,0,0.000019,1.432484,0.000971,1.368921,0.000000,0.100000,0.382084,1.432484,-0.098769,0,1,1,stable,0.382084,0.000000,0.000000,0.202643,0.000971,1.368921
0.600000,-0.000004,0.868472,-0.000000,0.002368,0,0.000020,1.427702,0.001107,1.367475,0.000000,0.100000,0.362980,1.427702,-0.105040,0,1,1,stable,0.362980,-0.000000,0.000000,0.222096,0.001107,1.367475
0.700000,-0.000021,0.869010,-0.000000,0.002671,0,0.000020,1.428643,0.001255,1.363293,0.000001,0.100000,0.344831,1.428643,-0.047820,0,1,1,stable,0.344831,-0.000000,0.000000,0.240981,0.001255,1.363293
0.800000,-0.000043,0.882722,0.000000,0.002994,0,0.000020,1.428921,0.001416,1.356829,0.000001,0.100000,0.327589,1.428921,0.009411,0,1,1,stable,0.327589,-0.000000,0.000000,0.259218,0.001416,1.356829
0.900000,-0.000069,0.904370,0.000000,0.003338,0,0.000020,1.428054,0.001588,1.348769,0.000001,0.100000,0.311210,1.428054,0.002786,0,1,1,stable,0.311210,-0.000000,0.000000,0.276734,0.001588,1.348769
1,-0.000087,0.926469,0.000000,0.003702,0,0.000020,1.425708,0.001773,1.339942,0.000000,0.233968,0.295649,1.465417,-0.008673,0,1.806091,1,stable,0.295649,-0.000000,0.000000,0.293459,0.001773,1.339942
1.100000,-0.000086,0.943205,0.000000,0.004084,0,0.000021,1.421728,0.001969,1.331227,0.000001,0.270633,0.280867,1.461233,-0.023463,0,2.034929,1,stable,0.280867,-0.000000,0.000000,0.309334,0.001969,1.331227
1.200000,-0.000070,0.952136,0.000000,0.004484,0,0.000020,1.416146,0.002177,1.323459,0.000001,0.211343,0.266823,1.461233,-0.039792,0,1.987638,1,stable,0.266823,-0.000000,0.000000,0.324303,0.002177,1.323459
1.300000,-0.000050,0.953688,0.000000,0.004899,0,0.000020,1.409160,0.002396,1.317356,0.000001,0.136289,0.253482,1.461233,-0.055820,0,1.942494,1,stable,0.253482,-0.000000,0.000000,0.338318,0.002396,1.317356
1.400000,-0.000032,0.949772,0.000000,0.005329,0,0.000020,1.401106,0.002626,1.313467,0.000001,0.073742,0.240808,1.461233,-0.069864,0,1.833404,1,stable,0.240808,-0.000000,0.000000,0.351335,0.002626,1.313467
1.500000,-0.000016,0.942661,0.000000,0.005771,0,0.000020,1.392421,0.002867,1.312132,0.000001,0.049550,0.228768,1.461233,-0.080542,0,1.942494,1,stable,0.228768,-0.000000,0.000000,0.363320,0.002867,1.312132
1.600000,0.000005,0.934548,0.000000,0.006224,0,0.000020,1.389197,0.003117,1.313467,0.000001,0.056183,0.217329,1.456671,-0.086851,0,1.987638,1,stable,0.217329,0.000000,0.000000,0.374240,0.003117,1.313467
1.700000,0.000032,0.927558,0.000000,0.006686,0,0.000020,1.391409,0.003376,1.317356,0.000001,0.103301,0.206463,1.456671,-0.032238,0,2.034929,1,stable,0.206463,0.000000,0.000000,0.384069,0.003376,1.317356
1.800000,0.000055,0.923592,-0.000000,0.007155,0,0.000020,1.392949,0.003644,1.323459,0.000001,0.162833,0.196140,1.456671,0.022119,0,2.274344,1,stable,0.196140,0.000000,0.000000,0.392784,0.003644,1.323459
1.900000,0.000059,0.923588,-0.000000,0.007628,0,0.000019,1.393375,0.003918,1.331227,0.000001,0.222327,0.186333,1.456671,0.015397,0,2.034929,1,stable,0.186333,0.000000,0.000000,0.400369,0.003918,1.331227
2,0.000037,0.926469,-0.000000,0.008105,0,0.000020,1.392347,0.004200,1.339942,0.000001,0.245084,0.177016,1.456671,0.004265,0,1.987638,1,stable,0.177016,0.000000,0.000000,0.406809,0.004200,1.339942
2.100000,-0.000008,0.928852,-0.000000,0.008582,0,0.000020,1.389658,0.004487,1.348769,0.000001,0.264380,0.168165,1.451834,-0.010275,0,2.034929,1,stable,0.168165,-0.000000,0.000000,0.412092,0.004487,1.348769
2.200000,-0.000058,0.926365,-0.000000,0.009058,0,0.000025,1.385258,0.004778,1.356829,0.000001,0.339492,0.159757,1.451834,-0.026893,0,2.173088,1,stable,0.159757,-0.000000,0.000000,0.416209,0.004778,1.356829
2.300000,-0.000080,0.916137,-0.000000,0.009530,0,0.000022,1.379273,0.005073,1.363293,0.000001,0.485179,0.151769,1.451834,-0.043999,0,2.034929,1,stable,0.151769,-0.000000,0.000000,0.419154,0.005073,1.363293
2.400000,-0.000063,0.899078,0.000000,0.009997,0,0.000021,1.371999,0.005370,1.367475,0.000001,0.488001,0.144181,1.451834,-0.059853,0,1.987638,1,stable,0.144181,-0.000000,0.000000,0.420923,0.005370,1.367475
2.500000,-0.000036,0.880554,0.000000,0.010456,0,0.000019,1.363883,0.005668,1.368921,0.000002,0.394624,0.136972,1.451834,-0.072735,0,1.942494,1,stable,0.136972,-0.000000,0.000000,0.421513,0.005668,1.368921
2.600000,-0.000025,0.868472,0.000000,0.010904,0,0.000019,1.361283,0.005966,1.367475,0.000002,0.311239,0.130123,1.448015,-0.081160,0,1.987638,1,stable,0.130123,-0.000000,0.000000,0.420923,0.005966,1.367475
2.700000,-0.000028,0.869010,0.000000,0.011341,0,0.000021,1.364207,0.006262,1.363293,0.000002,0.270471,0.123617,1.448015,-0.026002,0,2.034929,1,stable,0.123617,-0.000000,0.000000,0.419154,0.006262,1.363293
2.800000,-0.000018,0.882722,0.000000,0.011764,0,0.000019,1.366274,0.006556,1.356829,0.000002,0.241853,0.117436,1.448015,0.029236,0,2.173088,1,stable,0.117436,-0.000000,0.000000,0.416209,0.006556,1.356829
2.900000,0.000005,0.904370,0.000000,0.012170,0,0.000019,1.367005,0.006845,1.348769,0.000001,0.237378,0.111564,1.448015,0.020671,0,2.331372,1,stable,0.111564,0.000000,0.000000,0.412092,0.006845,1.348769
3,0.000019,0.926469,-0.000000,0.012558,0,0.000018,1.366070,0.007128,1.339942,0.000001,0.273365,0.105986,1.448015,0.007310,0,2.380108,1,stable,0.105986,0.000000,0.000000,0.406809,0.007128,1.339942
3.100000,0.000016,0.943205,-0.000000,0.012927,0,0.000019,1.363318,0.007403,1.331227,0.000001,0.330741,0.100687,1.445248,-0.009350,0,2.430925,1,stable,0.100687,0.000000,0.000000,0.400369,0.007403,1.331227
3.200000,0.000005,0.952136,-0.000000,0.013273,0,0.000018,1.358782,0.007670,1.323459,0.000001,0.366442,0.095652,1.445248,-0.027519,0,2.502118,1,stable,0.095652,0.000000,0.000000,0.392784,0.007670,1.323459
3.300000,-0.000008,0.953688,-0.000000,0.013596,0,0.000019,1.352665,0.007927,1.317356,0.000001,0.403280,0.090870,1.445248,-0.045357,0,2.577606,1,stable,0.090870,0.000000,0.000000,0.384069,0.007927,1.317356
3.400000,-0.000008,0.949772,-0.000000,0.013894,0,0.000018,1.345307,0.008172,1.313467,0.000001,0.428190,0.086326,1.445248,-0.061173,0,2.633628,1,stable,0.086326,0.000000,0.000000,0.374240,0.008172,1.313467
3.500000,0.000005,0.942661,-0.000000,0.014165,0,0.000018,1.337153,0.008405,1.312132,0.000001,0.447563,0.082010,1.445248,-0.073574,0,2.692139,1,stable,0.082010,0.000000,0.000000,0.363320,0.008405,1.312132
3.600000,0.000009,0.934548,-0.000000,0.014408,3,0.000018,1.334303,0.008623,1.313467,0.000001,0.454564,0.077910,1.443098,-0.081543,0,2.704018,1,stable,0.077910,0.000000,0.000000,0.351335,0.008623,1.313467
3.700000,-0.000003,0.927558,-0.000000,0.014623,3,0.000019,1.336741,0.008826,1.317356,0.000001,0.459183,0.074014,1.443098,-0.028506,0,2.716003,1,stable,0.074014,-0.000000,0.000000,0.338318,0.008826,1.317356
3.800000,-0.000027,0.923592,-0.000000,0.014808,3,0.000019,1.338372,0.009012,1.323459,0.000001,0.443786,0.070313,1.443098,0.024379,0,2.891787,1,stable,0.070313,-0.000000,0.000000,0.324303,0.009012,1.323459
3.900000,-0.000056,0.923588,0.000000,0.014962,3,0.000020,1.338773,0.009181,1.331227,0.000001,0.433108,0.066798,1.443098,0.016317,0,3.091900,1,stable,0.066798,-0.000000,0.000000,0.309334,0.009181,1.331227
4,-0.000056,0.926469,0.000000,0.015086,3,0.000020,1.337620,0.009332,1.339942,0.000001,0.417661,0.063458,1.443098,0.004005,0,2.891787,1,stable,0.063458,-0.000000,0.000000,0.293459,0.009332,1.339942
4.100000,-0.000017,0.928852,0.000000,0.015180,3,0.000020,1.334729,0.009464,1.348769,0.000001,0.385333,0.060285,1.441388,-0.011526,0,2.716003,1,stable,0.060285,-0.000000,0.000000,0.276734,0.009464,1.348769
4.200000,0.000004,0.926365,0.000000,0.015244,3,0.000020,1.330075,0.009578,1.356829,0.000002,0.361723,0.057271,1.441388,-0.028915,0,2.891787,1,stable,0.057271,0.000000,0.000000,0.259218,0.009578,1.356829
4.300000,0.000000,0.916137,0.000000,0.015279,3,0.000020,1.326425,0.009672,1.363293,0.000001,0.373902,0.054407,1.441388,-0.046538,0,3.091900,1,stable,0.054407,0.000000,0.000000,0.240981,0.009672,1.363293
4.400000,-0.000008,0.899078,0.000000,0.015285,3,0.000020,1.322627,0.009748,1.367475,0.000001,0.380086,0.051687,1.441388,-0.036499,0,3.149758,1,stable,0.051687,0.000000,0.000000,0.222096,0.009748,1.367475
4.500000,-0.000013,0.880554,-0.000000,0.015264,3,0.000020,1.317830,0.009805,1.368921,0.000001,0.395257,0.049102,1.441388,-0.037977,0,3.209822,1,stable,0.049102,0.000000,0.000000,0.202643,0.009805,1.368921
4.600000,-0.000004,0.868472,-0.000000,0.015219,0,0.000020,1.318404,0.009845,1.367475,0.000001,0.411080,0.046647,1.439820,-0.047971,0,3.349730,1,stable,0.046647,0.000000,0.000000,0.182707,0.009845,1.367475
4.700000,0.000002,0.869010,-0.000000,0.015150,0,0.000020,1.324369,0.009868,1.363293,0.000001,0.440466,0.044315,1.439820,0.005735,0,3.502391,1,stable,0.044315,0.000000,0.000000,0.162379,0.009868,1.363293
4.800000,0.000004,0.882722,-0.000000,0.015061,0,0.000020,1.329358,0.009875,1.356829,0.000001,0.462646,0.042099,1.439820,0.059650,0,3.793262,1,stable,0.042099,0.000000,0.000000,0.141753,0.009875,1.356829
4.900000,0.000004,0.904370,-0.000000,0.014953,0,0.000020,1.332908,0.009869,1.348769,0.000001,0.478800,0.039994,1.439820,0.049898,0,4.136821,1,stable,0.039994,0.000000,0.000000,0.120927,0.009869,1.348769
5,-0.000002,0.926469,-0.000000,0.014829,0,0.000020,1.334703,0.009850,1.339942,0.000001,0.484293,0.037995,1.439820,0.035497,0,4.388171,1,stable,0.037995,-0.000000,0.000000,0.100000,0.009850,1.339942
5.100000,-0.000010,0.943205,-0.000000,0.014692,0,0.000020,1.334608,0.009820,1.331227,0.000001,0.485046,0.036095,1.438175,0.017949,0,4.672040,1,stable,0.036095,-0.000000,0.000000,0.079073,0.009820,1.331227
5.200000,-0.000012,0.952136,-0.000000,0.014545,0,0.000020,1.332672,0.009781,1.323459,0.000001,0.512645,0.034290,1.438175,-0.000951,0,4.691270,1,stable,0.034290,-0.000000,0.000001,0.058247,0.009781,1.323459
5.300000,-0.000017,0.953688,-0.000000,0.014391,0,0.000020,1.329112,0.009735,1.317356,0.000001,0.542810,0.032576,1.438175,-0.019363,0,4.710658,1,stable,0.032576,-0.000000,0.000001,0.037621,0.009735,1.317356
5.400000,-0.000022,0.949772,0.000000,0.014232,0,0.000020,1.324284,0.009684,1.313467,0.000001,0.558084,0.030947,1.438175,-0.035600,0,4.723861,1,stable,0.030947,-0.000000,0.000001,0.017293,0.009684,1.313467
5.500000,-0.000018,0.942661,0.000000,0.014149,0,0.000020,1.317523,0.009683,1.312132,0.000001,0.563795,0.029399,1.438175,-0.048275,0,4.710658,1,stable,0.029399,-0.000000,0.000001,0.001000,0.009683,1.312132
5.600000,-0.000010,0.934548,0.000000,0.014404,3,0.000020,1.340336,0.009920,1.313467,0.000001,0.560468,0.027929,1.436339,-0.067614,0,4.723861,1,stable,0.027929,-0.000000,0.000002,0.001000,0.009920,1.313467
5.700000,-0.000007,0.927558,0.000000,0.014658,3,0.000020,1.345133,0.010158,1.317356,0.000001,0.558375,0.026533,1.436339,0.228134,0,4.737138,1,stable,0.026533,-0.000000,0.000002,0.001000,0.010158,1.317356
5.800000,-0.000004,0.923592,0.000000,0.014910,3,0.000020,1.349162,0.010396,1.323459,0.000001,0.563001,0.025206,1.436339,0.047966,0,4.738477,1,stable,0.025206,-0.000000,0.000003,0.001000,0.010396,1.323459
5.900000,0.000000,0.923588,-0.000000,0.015160,3,0.000020,1.351991,0.010633,1.331227,0.000001,0.577422,0.023946,1.436339,0.040289,0,4.739817,1,stable,0.023946,0.000000,0.000005,0.001000,0.010633,1.331227
6,0.000001,0.926469,-0.000000,0.015408,3,0.000020,1.353288,0.010871,1.339942,0.000001,0.587568,0.022749,1.436339,0.028289,0,4.889175,1,stable,0.022749,0.000000,0.000006,0.001000,0.010871,1.339942
6.100000,0.000003,0.928852,-0.000000,0.015655,3,0.000019,1.352854,0.011108,1.348769,0.000001,0.586316,0.021611,1.434249,0.012971,0,5.048252,1,stable,0.021611,0.000000,0.000008,0.001000,0.011108,1.348769
6.200000,-0.000002,0.926365,-0.000000,0.015899,3,0.000020,1.350651,0.011344,1.356829,0.000001,0.594130,0.020531,1.434249,-0.004334,0,5.111551,1,stable,0.020531,0.000000,0.000011,0.001000,0.011344,1.356829
6.300000,-0.000005,0.916137,-0.000000,0.016141,3,0.000020,1.346812,0.011579,1.363293,0.000001,0.612742,0.019504,1.434249,-0.022034,0,5.176458,1,stable,0.019504,-0.000000,0.000015,0.001000,0.011579,1.363293
6.400000,-0.000002,0.899078,-0.000000,0.016380,3,0.000020,1.341644,0.011814,1.367475,0.000001,0.622046,0.018529,1.434249,-0.038389,0,5.230661,1,stable,0.018529,-0.000000,0.000020,0.001000,0.011814,1.367475
6.500000,-0.000010,0.880554,-0.000000,0.016617,3,0.000022,1.335602,0.012048,1.368921,0.000001,0.623887,0.017603,1.434249,-0.051681,0,5.286013,1,stable,0.017603,-0.000000,0.000028,0.001000,0.012048,1.368921
6.600000,-0.000018,0.868472,0.000000,0.016852,3,0.000021,1.335052,0.012280,1.367475,0.000001,0.620767,0.016723,1.431881,-0.060423,0,5.433890,1,stable,0.016722,-0.000000,0.000037,0.001000,0.012280,1.367475
6.700000,-0.000023,0.869010,0.000000,0.017085,3,0.000020,1.340013,0.012512,1.363293,0.000001,0.638662,0.015887,1.431881,-0.005493,0,5.286013,1,stable,0.015886,-0.000001,0.000050,0.001000,0.012512,1.363293
6.800000,-0.000024,0.882722,0.000000,0.017315,3,0.000019,1.344110,0.012742,1.356829,0.000001,0.676801,0.015093,1.431881,0.049603,0,5.230661,1,stable,0.015092,-0.000001,0.000068,0.001000,0.012742,1.356829
6.900000,-0.000014,0.904370,0.000000,0.017542,3,0.000019,1.346873,0.012970,1.348769,0.000001,0.723722,0.014338,1.431881,0.040976,0,5.176458,1,stable,0.014337,-0.000001,0.000091,0.001000,0.012970,1.348769
7,-0.000006,0.926469,0.000000,0.017767,3,0.000019,1.347976,0.013197,1.339942,0.000001,0.717006,0.013621,1.431881,0.027625,0,5.230661,1,stable,0.013620,-0.000000,0.000123,0.001000,0.013197,1.339942
7.100000,-0.000001,0.943205,0.000000,0.017989,3,0.000019,1.347275,0.013422,1.331227,0.000001,0.664410,0.012939,1.429314,0.011036,0,5.286013,1,stable,0.012939,0.000000,0.000167,0.001000,0.013422,1.331227
7.200000,0.000001,0.952136,0.000000,0.018208,3,0.000019,1.344804,0.013645,1.323459,0.000001,0.678839,0.012291,1.429314,-0.007016,0,5.433890,1,stable,0.012292,0.000001,0.000225,0.001000,0.013645,1.323459
7.300000,0.000000,0.953688,0.000000,0.018424,3,0.000019,1.340767,0.013866,1.317356,0.000001,0.747207,0.011676,1.429314,-0.024707,0,5.590279,1,stable,0.011678,0.000002,0.000303,0.001000,0.013866,1.317356
7.400000,0.000001,0.949772,0.000000,0.018638,3,0.000019,1.335501,0.014084,1.313467,0.000001,0.737066,0.011092,1.429314,-0.040374,0,5.786059,1,stable,0.011094,0.000002,0.000410,0.001000,0.014084,1.313467
7.500000,0.000001,0.942661,-0.000000,0.018848,3,0.000018,1.329445,0.014301,1.312132,0.000001,0.660939,0.010538,1.429314,-0.052653,0,5.996049,1,stable,0.010539,0.000001,0.000553,0.001000,0.014301,1.312132
7.600000,0.000008,0.934548,-0.000000,0.019055,3,0.000018,1.328685,0.014515,1.313467,0.000001,0.648017,0.010010,1.427041,-0.060568,0,6.211534,1,stable,0.010013,0.000003,0.000746,0.001000,0.014515,1.313467
7.700000,0.000005,0.927558,-0.000000,0.019260,3,0.000018,1.333189,0.014727,1.317356,0.000001,0.695388,0.009506,1.427041,-0.007596,0,6.443085,1,stable,0.009512,0.000006,0.001007,0.001000,0.014727,1.317356
7.800000,0.000002,0.923592,-0.000000,0.019460,3,0.000018,1.336835,0.014936,1.323459,0.000001,0.703074,0.009028,1.427041,0.045041,0,6.687650,1,stable,0.009037,0.000009,0.001359,0.001000,0.014936,1.323459
7.900000,0.000000,0.923588,-0.000000,0.019658,3,0.000018,1.339162,0.015142,1.331227,0.000001,0.674105,0.008580,1.427041,0.036464,0,6.951515,1,stable,0.008586,0.000006,0.001833,0.001000,0.015142,1.331227
8,-0.000009,0.926469,0.000000,0.019853,3,0.000018,1.339796,0.015345,1.339942,0.000001,0.682525,0.008171,1.427041,0.023265,0,7.703504,1,stable,0.008157,-0.000014,0.002473,0.001000,0.015345,1.339942
8.100000,-0.000022,0.928852,0.000000,0.020044,3,0.000018,1.338484,0.015546,1.348769,0.000001,0.719364,0.007788,1.425005,0.006342,0,8.637922,1,stable,0.007748,-0.000040,0.003335,0.001000,0.015546,1.348769
8.200000,-0.000021,0.926365,-0.000000,0.020231,3,0.000020,1.335114,0.015743,1.356829,0.000001,0.733453,0.007387,1.425005,-0.013116,0,7.703504,1,stable,0.007358,-0.000030,0.004496,0.001000,0.015743,1.356829
8.300000,-0.000006,0.916137,0.000000,0.020415,3,0.000020,1.329720,0.015937,1.363293,0.000001,0.693202,0.007004,1.425005,-0.033705,0,6.951515,1,stable,0.006987,-0.000017,0.006060,0.001000,0.015937,1.363293
8.400000,-0.000000,0.899078,0.000003,0.020596,3,0.000019,1.322477,0.016128,1.367475,0.000001,0.697065,0.006651,1.425005,-0.053938,0,7.703504,1,stable,0.006637,-0.000014,0.008163,0.001000,0.016128,1.367475
8.500000,-0.000006,0.880554,0.000003,0.020773,3,0.000020,1.313662,0.016316,1.368921,0.000001,0.686427,0.006299,1.425005,-0.072435,0,8.637922,1,stable,0.006304,0.000004,0.010987,0.001000,0.016316,1.368921
8.600000,0.000000,0.868472,0.000000,0.020946,3,0.000020,1.309407,0.016500,1.367475,0.000001,0.711926,0.005927,1.423190,-0.088151,0,8.663774,1,stable,0.005989,0.000061,0.014774,0.001000,0.016500,1.367475
8.700000,0.000009,0.869010,-0.000004,0.021116,3,0.000020,1.309417,0.016680,1.363293,0.000001,0.708741,0.005504,1.423190,-0.042549,0,8.689782,1,stable,0.005694,0.000190,0.019840,0.001000,0.016680,1.363293
8.800000,0.000017,0.882722,-0.000008,0.021282,3,0.000019,1.306911,0.016857,1.356829,0.000001,0.727943,0.005068,1.423190,0.000104,0,8.757244,1,stable,0.005425,0.000357,0.026597,0.001000,0.016857,1.356829
8.900000,0.000019,0.904370,-0.000010,0.021444,3,0.000022,1.300886,0.017030,1.348769,0.000001,0.793953,0.004714,1.423190,-0.025055,0,8.689782,1,stable,0.005183,0.000469,0.035571,0.001000,0.017030,1.348769
9,0.000014,0.926469,-0.000009,0.021602,3,0.000020,1.290337,0.017200,1.339942,0.000001,0.810121,0.004517,1.423190,-0.060250,0,8.663774,1,stable,0.004961,0.000444,0.047426,0.001000,0.017200,1.339942
9.100000,0.000008,0.943205,-0.000010,0.021756,3,0.000020,1.274262,0.017365,1.331227,0.000001,0.664962,0.004508,1.421518,-0.105491,0,8.637922,1,stable,0.004749,0.000241,0.062973,0.001000,0.017365,1.331227
9.200000,-0.000005,0.952136,-0.000016,0.021906,3,0.000020,1.251647,0.017527,1.323459,0.000001,0.591173,0.004646,1.421518,-0.160757,0,8.663774,1,stable,0.004531,-0.000115,0.083173,0.001000,0.017527,1.323459
9.300000,-0.000008,0.953688,-0.000025,0.022053,3,0.000020,1.221457,0.017684,1.317356,0.000001,0.598161,0.004784,1.421518,-0.226151,0,8.689782,1,stable,0.004295,-0.000489,0.109097,0.001000,0.017684,1.317356
9.400000,-0.000002,0.949772,-0.000028,0.022195,3,0.000020,1.182648,0.017838,1.313467,0.000001,0.582027,0.004679,1.421518,-0.301898,0,8.757244,1,stable,0.004041,-0.000638,0.141851,0.001000,0.017838,1.313467
9.500000,-0.000003,0.942661,-0.000015,0.022333,3,0.000019,1.134233,0.017987,1.312132,0.000001,0.600561,0.004263,1.421518,-0.388092,0,8.825762,1,stable,0.003787,-0.000388,0.182426,0.001000,0.017987,1.312132
9.600000,-0.000009,0.934548,0.000021,0.023034,0,0.000020,1.139152,0.018596,1.313468,0.000001,0.591400,0.004921,1.419925,-0.484149,0,9.083982,1,stable,0.003567,0.000104,0.231475,0.017293,0.018596,1.313468
9.700000,-0.000025,0.927558,0.000067,0.023891,0,0.000020,1.094218,0.019334,1.317357,0.000001,0.600396,0.004253,1.419925,0.049191,0,9.357768,1,stable,0.003397,-0.000384,0.289050,0.037621,0.019334,1.317357
9.800000,-0.000027,0.923592,0.000110,0.024777,0,0.000019,1.024210,0.020097,1.323462,0.000001,0.661077,0.007427,1.419925,-0.449335,0,9.083982,1,stable,0.003196,-0.004231,0.354344,0.058247,0.020097,1.323462
9.900000,-0.000014,0.923588,0.000132,0.025688,0,0.000020,0.942590,0.020882,1.331229,0.000001,0.669184,0.008875,1.419925,-0.700079,0,8.825762,1,stable,0.002694,-0.006181,0.425557,0.079073,0.020882,1.331229
10,0.000000,0.926469,0.000054,0.026621,0,0.000022,0.851365,0.021685,1.339943,0.000001,0.626655,0.004329,1.419925,-0.816203,0,8.757244,1,stable,0.002059,0.000869,0.500000,0.100000,0.021685,1.339943
10.100000,0.000018,0.928852,0.000049,0.027571,0,0.000020,0.753835,0.022504,1.348771,0.000001,0.634318,0.010382,1.418462,-0.912253,0,8.825762,1,stable,0.002026,0.006926,0.574443,0.120927,0.022504,1.348771
10.200000,0.000034,0.926365,0.000195,0.028533,0,0.000020,0.654130,0.023333,1.356824,0.000001,0.693260,0.010213,1.418462,-0.975302,0,8.757244,1,stable,0.002485,0.008644,0.645656,0.141753,0.023333,1.356824
10.300000,0.000017,0.916137,-0.000104,0.029503,0,0.000021,0.556639,0.024169,1.363287,0.000001,0.726310,0.013410,1.418462,-0.997050,0,8.689782,1,stable,0.003060,0.002546,0.710950,0.162379,0.024169,1.363287
10.400000,0.000013,0.899078,-0.000436,0.030474,0,0.000026,0.465127,0.025006,1.367463,0.000001,0.668741,0.010731,1.418462,-0.974907,0,8.663774,1,stable,0.003113,0.002071,0.768525,0.182707,0.025006,1.367463
10.500000,0.000009,0.880554,-0.000699,0.031440,0,0.000021,0.382449,0.025841,1.368910,0.000001,0.648461,0.012732,1.418462,-0.915124,0,8.637922,1,stable,0.003125,0.006884,0.817574,0.202643,0.025841,1.368910
10.600000,0.000007,0.868472,-0.000315,0.032397,0,0.000018,0.315991,0.026667,1.367475,0.000001,0.636638,0.011475,1.416952,-0.826773,0,8.663774,1,stable,0.003526,0.002510,0.858149,0.222096,0.026667,1.367475
10.700000,-0.000008,0.869010,0.000417,0.033339,0,0.000019,0.265818,0.027480,1.363296,0.000001,0.632942,0.011365,1.416952,-0.664580,0,8.689782,1,stable,0.003553,-0.007813,0.890903,0.240981,0.027480,1.363296
10.800000,-0.000040,0.882722,0.000556,0.034259,0,0.000019,0.224688,0.028276,1.356831,0.000001,0.634470,0.018581,1.416952,-0.501737,0,8.757244,1,stable,0.002743,-0.015838,0.916827,0.259218,0.028276,1.356831
10.900000,-0.000075,0.904370,0.000256,0.035154,0,0.000018,0.190876,0.029049,1.348772,0.000001,0.708529,0.020489,1.416952,-0.411300,0,8.689782,1,stable,0.001324,-0.018457,0.937027,0.276734,0.029049,1.348772
11,-0.000071,0.926469,-0.000018,0.036016,0,0.000018,0.162677,0.029796,1.339949,0.000001,0.756286,0.019800,1.416952,-0.338113,0,8.663774,1,stable,-0.000235,-0.016068,0.952574,0.293459,0.029796,1.339949
11.100000,-0.000063,0.943205,-0.000073,0.036843,0,0.000018,0.138588,0.030512,1.331238,0.000001,0.728479,0.015718,1.415314,-0.281996,0,8.637922,1,stable,-0.001523,-0.009951,0.964429,0.309334,0.030512,1.331238
11.200000,-0.000036,0.952136,0.000075,0.037629,0,0.000019,0.117432,0.031193,1.323474,0.000001,0.676205,0.020825,1.415314,-0.240891,0,7.703504,1,stable,-0.002252,-0.001561,0.973403,0.324303,0.031193,1.323474
11.300000,0.000025,0.953688,0.000333,0.038371,0,0.000018,0.098390,0.031836,1.317375,0.000001,0.630747,0.023457,1.415314,-0.211552,0,6.951515,1,stable,-0.002266,0.006564,0.980160,0.338318,0.031836,1.317375
11.400000,0.000028,0.949772,0.000602,0.039064,0,0.000020,0.080971,0.032437,1.313488,0.000001,0.686810,0.017498,1.415314,-0.190419,0,6.885756,1,stable,-0.001621,0.009714,0.985226,0.351335,0.032437,1.313488
11.500000,-0.000000,0.942661,0.000775,0.039707,0,0.000024,0.064958,0.032995,1.312152,0.000001,0.676308,0.005957,1.415314,-0.174198,0,6.821230,1,stable,-0.000754,0.002813,0.989013,0.363320,0.032995,1.312152
11.600000,-0.000024,0.934548,0.000711,0.040295,0,0.000020,0.055897,0.033505,1.313474,0.000001,0.662444,0.026208,1.413509,-0.160122,0,6.885756,1,stable,-0.000489,-0.009501,0.991837,0.374240,0.033505,1.313474
11.700000,0.000034,0.927558,0.000235,0.040827,0,0.000018,0.053409,0.033967,1.317339,0.000001,0.668718,0.029635,1.413509,-0.090615,0,6.821230,1,stable,-0.001233,-0.004362,0.993940,0.384069,0.033967,1.317339
11.800000,0.000138,0.923592,-0.000552,0.041300,0,0.000021,0.051154,0.034379,1.323434,0.000001,0.733093,0.022936,1.413509,-0.024880,0,6.626767,1,stable,-0.001525,0.019955,0.995504,0.392784,0.034379,1.323434
11.900000,0.000168,0.923588,-0.000804,0.041714,0,0.000018,0.048402,0.034738,1.331209,0.000001,0.808566,0.035534,1.413509,-0.022544,0,10.248866,1,stable,0.000166,0.025969,0.996665,0.400369,0.034738,1.331209
12,0.000023,0.926469,-0.000504,0.042065,0,0.000019,0.044573,0.035044,1.339908,0.000001,0.773116,0.012954,1.413509,-0.027523,0,12.185601,1,stable,0.002259,0.011112,0.997527,0.406809,0.035044,1.339908
12.100000,-0.000074,0.928852,-0.000673,0.042355,0,0.000018,0.039552,0.035296,1.348762,0.000003,0.738207,0.021275,1.411649,-0.038289,0,11.942757,1,stable,0.003045,-0.018231,0.998167,0.412092,0.035296,1.348762
12.200000,-0.000026,0.926365,-0.000327,0.042581,0,0.000018,0.032916,0.035492,1.356819,0.000002,0.766653,0.015965,1.411649,-0.050217,0,11.879458,1,stable,0.001418,-0.010712,0.998641,0.416209,0.035492,1.356819
12.300000,-0.000035,0.916137,-0.000397,0.042742,0,0.000018,0.025000,0.035633,1.363314,0.000003,0.747168,0.026725,1.411649,-0.066355,0,11.816827,1,stable,0.000480,0.001383,0.998993,0.419154,0.035633,1.363314
12.400000,-0.000086,0.899078,0.000644,0.042840,0,0.000018,0.015810,0.035718,1.367503,0.000003,0.751096,0.025943,1.411649,-0.079160,0,11.694925,1,stable,0.000568,-0.004776,0.999254,0.420923,0.035718,1.367503
12.500000,-0.000070,0.880554,0.001059,0.042872,0,0.000020,0.005887,0.035746,1.368944,0.000003,0.763848,0.027968,1.411649,-0.091900,0,11.575513,1,stable,0.000153,-0.011476,0.999447,0.421513,0.035746,1.368944
12.600000,-0.000050,0.868472,0.000461,0.042840,0,0.000020,0.005634,0.035718,1.367507,0.000003,0.734533,0.019148,1.409904,-0.099228,0,11.170122,1,stable,-0.000783,-0.013550,0.999590,0.420923,0.035718,1.367507
12.700000,-0.000000,0.869010,0.000036,0.042742,0,0.000020,0.015088,0.035633,1.363311,0.000003,0.716086,0.005060,1.409904,-0.002531,0,10.792165,1,stable,-0.001840,-0.006843,0.999697,0.419154,0.035633,1.363311
12.800000,0.000012,0.882722,-0.000205,0.042581,0,0.000020,0.023707,0.035492,1.356830,0.000003,0.713762,0.017367,1.409904,0.094540,0,11.170122,1,stable,-0.002301,0.002772,0.999775,0.416209,0.035492,1.356830
12.900000,0.000059,0.904370,-0.000068,0.042355,0,0.000020,0.031032,0.035296,1.348759,0.000003,0.713408,0.025278,1.409904,0.086190,0,11.575513,1,stable,-0.001962,0.009510,0.999833,0.412092,0.035296,1.348759
13,0.000075,0.926469,0.000191,0.042065,0,0.000020,0.036766,0.035044,1.339925,0.000003,0.719639,0.028322,1.409904,0.073251,0,11.170122,1,stable,-0.001095,0.011912,0.999877,0.406809,0.035044,1.339925
13.100000,0.000077,0.943205,0.000284,0.041714,0,0.000020,0.040756,0.034738,1.331203,0.000003,0.702115,0.026898,1.408280,0.057333,0,10.792165,1,stable,-0.000076,0.010358,0.999909,0.400369,0.034738,1.331203
13.200000,0.000093,0.952136,0.000159,0.041300,0,0.000020,0.043034,0.034379,1.323429,0.000003,0.675448,0.023109,1.408280,0.039902,0,10.490252,1,stable,0.000766,0.005683,0.999932,0.392784,0.034379,1.323429
13.300000,0.000078,0.953688,-0.000122,0.040827,0,0.000021,0.043800,0.033967,1.317323,0.000003,0.663959,0.027588,1.408280,0.022776,0,10.204771,1,stable,0.001187,-0.000001,0.999950,0.384069,0.033967,1.317323
13.400000,0.000004,0.949772,-0.000489,0.040295,0,0.000021,0.043393,0.033505,1.313434,0.000003,0.650827,0.025338,1.408280,0.007664,0,10.097915,1,stable,0.001128,-0.001949,0.999963,0.374240,0.033505,1.313434
13.500000,-0.000007,0.942661,-0.000854,0.039707,0,0.000020,0.042246,0.032995,1.312105,0.000003,0.649393,0.020002,1.408280,-0.004072,0,10.204771,1,stable,0.000914,0.004488,0.999972,0.363320,0.032995,1.312105
13.600000,0.000012,0.934548,-0.001034,0.039064,0,0.000020,0.046517,0.032437,1.313455,0.000003,0.649246,0.011826,1.406706,-0.011471,0,10.490252,1,stable,0.001231,0.013057,0.999980,0.351335,0.032437,1.313455
13.700000,0.000038,0.927558,-0.000815,0.038371,0,0.000020,0.056057,0.031836,1.317353,0.000003,0.651946,0.022383,1.406706,0.042709,0,10.792165,1,stable,0.002226,0.009131,0.999985,0.338318,0.031836,1.317353
13.800000,-0.000043,0.923592,-0.000308,0.037629,0,0.000020,0.064805,0.031193,1.323457,0.000003,0.659950,0.020235,1.406706,0.095402,0,10.490252,1,stable,0.002853,-0.006219,0.999989,0.324303,0.031193,1.323457
13.900000,-0.000127,0.923588,0.000261,0.036843,0,0.000020,0.072376,0.030512,1.331249,0.000003,0.663185,0.029350,1.406706,0.087484,0,10.204771,1,stable,0.002207,-0.027142,0.999992,0.309334,0.030512,1.331249
14,-0.000074,0.926469,0.000947,0.036016,0,0.000020,0.078245,0.029796,1.339960,0.000003,0.657682,0.020849,1.406706,0.075712,0,10.097915,1,stable,-0.000099,-0.013561,0.999994,0.293459,0.029796,1.339960
14.100000,0.000017,0.928852,0.000445,0.035154,0,0.000023,0.082363,0.029049,1.348788,0.000004,0.622862,0.021281,1.405230,0.058689,0,9.993273,1,stable,-0.001191,0.006496,0.999995,0.276734,0.029049,1.348788
14.200000,0.000001,0.926365,0.000353,0.034259,0,0.000021,0.084553,0.028276,1.356839,0.000004,0.625583,0.005216,1.405230,0.041180,0,10.071667,1,stable,-0.000606,0.004254,0.999997,0.259218,0.028276,1.356839
14.300000,-0.000016,0.916137,0.000480,0.033339,0,0.000019,0.084983,0.027480,1.363295,0.000004,0.624622,0.020833,1.405230,0.021901,0,10.151301,1,stable,-0.000231,-0.006407,0.999998,0.240981,0.027480,1.363295
14.400000,0.000032,0.899078,0.000205,0.032397,0,0.000021,0.083888,0.026667,1.367467,0.000004,0.624502,0.020607,1.405230,0.004300,0,10.177966,1,stable,-0.000738,-0.001928,0.999998,0.222096,0.026667,1.367467
14.500000,0.000054,0.880554,-0.000419,0.031440,0,0.000026,0.081697,0.025841,1.368904,0.000004,0.628794,0.019976,1.405230,-0.010955,0,10.151301,1,stable,-0.000857,0.014830,0.999999,0.202643,0.025841,1.368904
14.600000,0.000046,0.868472,-0.000573,0.030474,0,0.000019,0.084743,0.025006,1.367466,0.000003,0.616076,0.019765,1.403833,-0.021906,0,10.071667,1,stable,0.000385,0.017908,0.999999,0.182707,0.025006,1.367466
14.700000,0.000012,0.869010,-0.000071,0.029503,0,0.000018,0.093022,0.024169,1.363284,0.000003,0.603835,0.012307,1.403833,0.030459,0,9.993273,1,stable,0.001815,0.011313,0.999999,0.162379,0.024169,1.363284
14.800000,0.000002,0.882722,-0.000089,0.028533,0,0.000019,0.100098,0.023333,1.356819,0.000004,0.599872,0.011267,1.403833,0.082792,0,10.071667,1,stable,0.002639,0.003935,0.999999,0.141753,0.023333,1.356819
14.900000,-0.000007,0.904370,-0.000410,0.027571,0,0.000019,0.105475,0.022504,1.348759,0.000003,0.602407,0.011289,1.403833,0.070754,0,10.151301,1,stable,0.002826,-0.001190,1.000000,0.120927,0.022504,1.348759
15,-0.000011,0.926469,-0.000650,0.026621,0,0.000019,0.108819,0.021685,1.339935,0.000003,0.602072,0.013701,1.403833,0.053773,0,10.177966,1,stable,0.002588,-0.004081,1.000000,0.100000,0.021685,1.339935
15.100000,-0.000010,0.943205,-0.000720,0.025688,0,0.000019,0.109965,0.020882,1.331223,0.000003,0.605432,0.014970,1.402460,0.033441,0,10.204771,1,stable,0.002129,-0.005492,1.000000,0.079073,0.020882,1.331223
15.200000,-0.000012,0.952136,-0.000644,0.024777,0,0.000020,0.108936,0.020097,1.323458,0.000003,0.611915,0.014311,1.402460,0.011458,0,10.213849,1,stable,0.001578,-0.005874,1.000000,0.058247,0.020097,1.323458
15.300000,-0.000022,0.953688,-0.000465,0.023891,0,0.000018,0.105933,0.019334,1.317358,0.000003,0.610674,0.011694,1.402460,-0.010286,0,10.222942,1,stable,0.001024,-0.005284,1.000000,0.037621,0.019334,1.317358
15.400000,-0.000025,0.949772,-0.000215,0.023034,0,0.000020,0.101300,0.018596,1.313471,0.000003,0.611222,0.014519,1.402460,-0.030033,0,10.213849,1,stable,0.000545,-0.004089,1.000000,0.017293,0.018596,1.313471
15.500000,-0.000013,0.942661,0.000089,0.022333,0,0.000020,0.081777,0.017987,1.312136,0.000003,0.617661,0.016290,1.402460,-0.046335,0,10.204771,1,stable,0.000187,-0.003247,1.000000,0.001000,0.017987,1.312136
15.600000,-0.000009,0.934548,0.000424,0.022195,3,0.000020,0.022222,0.017838,1.313473,0.000003,0.621102,0.014955,1.401095,-0.195228,0,10.213849,1,stable,-0.000085,-0.004280,1.000000,0.001000,0.017838,1.313473
15.700000,-0.000003,0.927558,0.000713,0.022053,3,0.000020,0.028174,0.017684,1.317364,0.000003,0.622048,0.008749,1.401095,-0.595544,0,10.222942,1,stable,-0.000427,-0.007983,1.000000,0.001000,0.017684,1.317364
15.800000,-0.000003,0.923592,0.000724,0.021906,3,0.000021,0.033341,0.017527,1.323461,0.000003,0.622981,0.008448,1.401095,0.059515,0,10.499845,1,stable,-0.001051,-0.002494,1.000000,0.001000,0.017527,1.323461
15.900000,0.000008,0.923588,0.000066,0.021756,3,0.000020,0.037325,0.017365,1.331225,0.000003,0.628112,0.012241,1.401095,0.051672,0,10.792165,1,stable,-0.001201,0.009896,1.000000,0.001000,0.017365,1.331225
16,0.000022,0.926469,-0.000448,0.021602,3,0.000020,0.039781,0.017200,1.339939,0.000003,0.618048,0.014718,1.401095,0.039836,0,11.170122,1,stable,-0.000340,0.009418,1.000000,0.001000,0.017200,1.339939
16.100000,0.000013,0.928852,-0.000199,0.021444,3,0.000020,0.040492,0.017030,1.348762,0.000003,0.621148,0.014212,1.399646,0.024562,0,10.792165,1,stable,0.000439,0.002254,1.000000,0.001000,0.017030,1.348762
16.200000,0.000002,0.926365,-0.000107,0.021282,3,0.000020,0.039451,0.016857,1.356823,0.000003,0.636371,0.008523,1.399646,0.007111,0,11.170122,1,stable,0.000599,0.002062,1.000000,0.001000,0.016857,1.356823
16.300000,0.000004,0.916137,-0.000432,0.021116,3,0.000020,0.036765,0.016680,1.363288,0.000003,0.642869,0.008721,1.399646,-0.010412,0,11.575513,1,stable,0.000736,0.007516,1.000000,0.001000,0.016680,1.363288
16.400000,-0.000000,0.899078,-0.000516,0.020946,3,0.000020,0.032759,0.016500,1.367475,0.000003,0.639682,0.009192,1.399646,-0.026860,0,11.694925,1,stable,0.001307,0.000447,1.000000,0.001000,0.016500,1.367475
16.500000,-0.000012,0.880554,0.000051,0.020773,3,0.000020,0.027864,0.016316,1.368923,0.000003,0.644156,0.012370,1.399646,-0.040060,0,11.816827,1,stable,0.001278,-0.008125,1.000000,0.001000,0.016316,1.368923
16.600000,-0.000023,0.868472,0.000216,0.020596,3,0.000020,0.028462,0.016128,1.367481,0.000003,0.645679,0.015869,1.398270,-0.048950,0,11.879458,1,stable,0.000557,-0.013111,1.000000,0.001000,0.016128,1.367481
16.700000,-0.000018,0.869010,0.000265,0.020415,3,0.000020,0.034593,0.015937,1.363299,0.000003,0.645418,0.012581,1.398270,0.005985,0,11.816827,1,stable,-0.000532,-0.012707,1.000000,0.001000,0.015937,1.363299
16.800000,-0.000011,0.882722,0.000261,0.020231,3,0.000020,0.039860,0.015743,1.356834,0.000003,0.665457,0.009800,1.398270,0.061307,0,11.694925,1,stable,-0.001533,-0.009768,1.000000,0.001000,0.015743,1.356834
16.900000,-0.000005,0.904370,0.000355,0.020044,3,0.000020,0.043795,0.015546,1.348773,0.000003,0.724944,0.010230,1.398270,0.052670,0,11.816827,1,stable,-0.002247,-0.006457,1.000000,0.001000,0.015546,1.348773
17,0.000001,0.926469,0.000485,0.019853,3,0.000020,0.046080,0.015345,1.339946,0.000003,0.665547,0.009440,1.398270,0.039348,0,11.879458,1,stable,-0.002657,-0.003125,1.000000,0.001000,0.015345,1.339946
17.100000,0.000004,0.943205,0.000568,0.019658,3,0.000020,0.046571,0.015142,1.331230,0.000003,0.647766,0.007513,1.396967,0.022848,0,11.942757,1,stable,-0.002777,0.000134,1.000000,0.001000,0.015142,1.331230
17.200000,0.000003,0.952136,0.000585,0.019460,3,0.000020,0.045308,0.014936,1.323461,0.000003,0.642625,0.008786,1.396967,0.004914,0,12.185601,1,stable,-0.002627,0.002921,1.000000,0.001000,0.014936,1.323461
17.300000,0.000003,0.953688,0.000535,0.019260,3,0.000020,0.042499,0.014727,1.317357,0.000003,0.645803,0.009084,1.396967,-0.012625,0,12.438526,1,stable,-0.002259,0.004712,1.000000,0.001000,0.014727,1.317357
17.400000,0.000009,0.949772,0.000406,0.019055,3,0.000020,0.038489,0.014515,1.313466,0.000003,0.668846,0.006897,1.396967,-0.028090,0,12.713571,1,stable,-0.001765,0.004950,1.000000,0.001000,0.014515,1.313466
17.500000,0.000015,0.942661,0.000174,0.018848,3,0.000020,0.033724,0.014301,1.312129,0.000003,0.694845,0.013523,1.396967,-0.040101,0,13.001055,1,stable,-0.001276,0.004007,1.000000,0.001000,0.014301,1.312129
17.600000,0.000014,0.934548,-0.000189,0.018638,3,0.000020,0.034295,0.014084,1.313462,0.000003,0.718553,0.014856,1.395718,-0.047655,0,12.713571,1,stable,-0.000888,0.004758,1.000000,0.001000,0.014084,1.313462
17.700000,0.000009,0.927558,-0.000610,0.018424,3,0.000021,0.040208,0.013866,1.317352,0.000003,0.702931,0.008612,1.395718,0.005711,0,12.438526,1,stable,-0.000459,0.007173,1.000000,0.001000,0.013866,1.317352
17.800000,0.000004,0.923592,-0.000736,0.018208,3,0.000021,0.045351,0.013645,1.323457,0.000003,0.702776,0.008687,1.395718,0.059134,0,12.713571,1,stable,0.000144,0.004711,1.000000,0.001000,0.013645,1.323457
17.900000,0.000000,0.923588,-0.000331,0.017989,3,0.000018,0.049284,0.013422,1.331225,0.000003,0.708223,0.002749,1.395718,0.051426,0,13.001055,1,stable,0.000518,-0.000384,1.000000,0.001000,0.013422,1.331225
18,-0.000007,0.926469,0.000088,0.017767,3,0.000018,0.051694,0.013197,1.339943,0.000003,0.728265,0.011649,1.395718,0.039329,0,13.084263,1,stable,0.000461,-0.006598,1.000000,0.001000,0.013197,1.339943
18.100000,-0.000012,0.928852,0.000130,0.017542,3,0.000018,0.052361,0.012970,1.348770,0.000003,0.725978,0.009701,1.394500,0.024107,0,13.168544,1,stable,-0.000096,-0.003697,1.000000,0.001000,0.012970,1.348770
18.200000,-0.000009,0.926365,-0.000129,0.017315,3,0.000018,0.051270,0.012742,1.356833,0.000003,0.722821,0.010607,1.394500,0.006665,0,13.271215,1,stable,-0.000390,-0.005115,1.000000,0.001000,0.012742,1.356833
18.300000,-0.000003,0.916137,0.000399,0.017085,3,0.000019,0.048531,0.012512,1.363296,0.000003,0.748421,0.007829,1.394500,-0.010911,0,13.375501,1,stable,-0.000784,-0.007558,1.000000,0.001000,0.012512,1.363296
18.400000,-0.000001,0.899078,0.000571,0.016852,3,0.000019,0.044472,0.012280,1.367477,0.000003,0.764203,0.004691,1.394500,-0.027389,0,13.397745,1,stable,-0.001357,-0.004269,1.000000,0.001000,0.012280,1.367477
18.500000,0.000001,0.880554,0.000197,0.016617,3,0.000019,0.039536,0.012048,1.368921,0.000003,0.765815,0.006426,1.394500,-0.040592,0,13.420063,1,stable,-0.001634,0.004792,1.000000,0.001000,0.012048,1.368921
18.600000,0.000006,0.868472,-0.000128,0.016380,3,0.000018,0.040105,0.011814,1.367474,0.000003,0.766832,0.010422,1.393307,-0.049358,0,13.467569,1,stable,-0.001165,0.009257,1.000000,0.001000,0.011814,1.367474
18.700000,0.000009,0.869010,-0.000061,0.016141,3,0.000018,0.046185,0.011579,1.363292,0.000003,0.771234,0.009739,1.393307,0.005696,0,13.515413,1,stable,-0.000358,0.009381,1.000000,0.001000,0.011579,1.363292
18.800000,0.000010,0.882722,-0.000085,0.015899,3,0.000018,0.051405,0.011344,1.356827,0.000003,0.756479,0.007870,1.393307,0.060791,0,13.597018,1,stable,0.000419,0.008181,1.000000,0.001000,0.011344,1.356827
18.900000,0.000009,0.904370,-0.000223,0.015655,3,0.000019,0.055297,0.011108,1.348767,0.000003,0.818857,0.008265,1.393307,0.052204,0,13.679615,1,stable,0.001060,0.006947,1.000000,0.001000,0.011108,1.348767
19,0.000006,0.926469,-0.000355,0.015408,3,0.000020,0.057540,0.010871,1.339940,0.000003,0.831805,0.008339,1.393307,0.038918,0,13.700229,1,stable,0.001569,0.005770,1.000000,0.001000,0.010871,1.339940
19.100000,0.000002,0.943205,-0.000431,0.015160,3,0.000020,0.057991,0.010633,1.331225,0.000003,0.711093,0.007464,1.392144,0.022431,0,13.720906,1,stable,0.001957,0.004292,1.000000,0.001000,0.010633,1.331225
19.200000,-0.000000,0.952136,-0.000451,0.014910,3,0.000021,0.056691,0.010396,1.323458,0.000003,0.703948,0.005789,1.392144,0.004514,0,13.737514,1,stable,0.002207,0.002243,1.000000,0.001000,0.010396,1.323458
19.300000,-0.000001,0.953688,-0.000434,0.014658,3,0.000020,0.053847,0.010158,1.317356,0.000003,0.702187,0.003825,1.392144,-0.013003,0,13.754162,1,stable,0.002278,-0.000186,1.000000,0.001000,0.010158,1.317356
19.400000,-0.000001,0.949772,-0.000381,0.014404,3,0.000020,0.049804,0.009920,1.313467,0.000003,0.651091,0.005018,1.392144,-0.028444,0,13.852436,1,stable,0.002149,-0.002325,1.000000,0.001000,0.009920,1.313467
19.500000,-0.000003,0.942661,-0.000271,0.014149,3,0.000020,0.045010,0.009683,1.312132,0.000003,0.717336,0.005941,1.392144,-0.040426,0,13.952124,1,stable,0.001853,-0.003456,1.000000,0.001000,0.009683,1.312132
19.600000,-0.000007,0.934548,-0.000076,0.014232,0,0.000020,0.021436,0.009684,1.313468,0.000003,0.713981,0.010569,1.391023,-0.047944,0,14.198379,1,stable,0.001481,-0.003695,1.000000,0.017293,0.009684,1.313468
19.700000,-0.000011,0.927558,0.000195,0.014391,0,0.000020,0.028059,0.009735,1.317358,0.000003,0.568201,0.009280,1.391023,-0.235732,0,14.453484,1,stable,0.001108,-0.004043,1.000000,0.037621,0.009735,1.317358
19.800000,-0.000008,0.923592,0.000433,0.014545,0,0.000020,0.032854,0.009781,1.323461,0.000003,0.568712,0.008560,1.391023,0.066226,0,14.549445,1,stable,0.000726,-0.006383,1.000000,0.058247,0.009781,1.323461
19.900000,-0.000002,0.923588,0.000439,0.014692,0,0.000020,0.036384,0.009820,1.331228,0.000003,0.559018,0.004826,1.391023,0.047954,0,14.646689,1,stable,0.000173,-0.004481,1.000000,0.079073,0.009820,1.331228
20,0.000001,0.926469,0.000132,0.014829,0,0.000023,0.038310,0.009850,1.339943,0.000003,0.568220,0.004519,1.391023,0.035297,0,14.883355,1,stable,-0.000198,0.001361,1.000000,0.100000,0.009850,1.339943
20.100000,0.000002,0.928852,0.000090,0.014953,0,0.000020,0.038422,0.009869,1.348769,0.000003,0.579537,0.004322,1.389946,0.019262,0,15.127794,1,stable,-0.000078,0.003755,1.000000,0.120927,0.009869,1.348769
20.200000,0.000008,0.926365,0.000177,0.015061,0,0.000020,0.036674,0.009875,1.356829,0.000003,0.591677,0.009160,1.389946,0.001117,0,15.178540,1,stable,0.000230,0.003911,1.000000,0.141753,0.009875,1.356829
20.300000,0.000009,0.916137,-0.000169,0.015150,0,0.000020,0.033189,0.009868,1.363292,0.000003,0.625690,0.007167,1.389946,-0.017479,0,15.229626,1,stable,0.000535,0.007537,1.000000,0.162379,0.009868,1.363292
20.400000,0.000003,0.899078,-0.000503,0.015219,0,0.000020,0.028271,0.009845,1.367473,0.000003,0.632851,0.007267,1.389946,-0.034850,0,15.831668,1,stable,0.001118,0.006154,1.000000,0.182707,0.009845,1.367473
20.500000,0.000000,0.880554,-0.000263,0.015264,0,0.000020,0.022363,0.009805,1.368920,0.000003,0.574452,0.002715,1.389946,-0.049184,0,16.483268,1,stable,0.001559,0.001035,1.000000,0.202643,0.009805,1.368920
20.600000,-0.000001,0.868472,-0.000100,0.015285,3,0.000020,0.021829,0.009748,1.367474,0.000003,0.569134,0.004878,1.388919,-0.059076,0,16.578931,1,stable,0.001565,-0.003132,1.000000,0.222096,0.009748,1.367474
20.700000,-0.000002,0.869010,-0.000097,0.015279,3,0.000020,0.026687,0.009672,1.363293,0.000003,0.552387,0.006232,1.388919,-0.005338,0,16.675711,1,stable,0.001234,-0.004994,1.000000,0.240981,0.009672,1.363293
20.800000,-0.000005,0.882722,-0.000070,0.015244,3,0.000020,0.030558,0.009578,1.356830,0.000003,0.551631,0.006502,1.388919,0.048573,0,16.725620,1,stable,0.000768,-0.005734,1.000000,0.259218,0.009578,1.356830
20.900000,-0.000008,0.904370,0.000042,0.015180,3,0.000020,0.034281,0.009464,1.348770,0.000002,0.557172,0.006538,1.388919,0.038718,0,16.775828,1,stable,0.000266,-0.006184,1.000000,0.276734,0.009464,1.348770
21,-0.000010,0.926469,0.000179,0.015086,3,0.000020,0.039002,0.009332,1.339943,0.000002,0.633128,0.007112,1.388919,0.037225,0,16.906065,1,stable,-0.000248,-0.006462,1.000000,0.293459,0.009332,1.339943
21.100000,-0.000010,0.943205,0.000294,0.014962,3,0.000020,0.041951,0.009181,1.331228,0.000002,0.647846,0.007229,1.387905,0.047212,0,16.775828,1,stable,-0.000758,-0.006336,1.000000,0.309334,0.009181,1.331228
21.200000,-0.000007,0.952136,0.000372,0.014808,3,0.000023,0.043153,0.009012,1.323460,0.000002,0.614652,0.006795,1.387905,0.029492,0,16.725620,1,stable,-0.001233,-0.005451,1.000000,0.324303,0.009012,1.323460
21.300000,-0.000003,0.953688,0.000411,0.014623,3,0.000021,0.042803,0.008826,1.317357,0.000002,0.610217,0.005640,1.387905,0.012018,0,16.775828,1,stable,-0.001612,-0.003593,1.000000,0.338318,0.008826,1.317357
21.400000,0.000000,0.949772,0.000413,0.014408,3,0.000019,0.041236,0.008623,1.313468,0.000002,0.586449,0.003702,1.387905,-0.003503,0,16.906065,1,stable,-0.001822,-0.001035,1.000000,0.351335,0.008623,1.313468
21.500000,0.000000,0.942661,0.000375,0.014165,3,0.000021,0.038893,0.008405,1.312132,0.000002,0.589203,0.003067,1.387905,-0.015663,0,17.038340,1,stable,-0.001815,0.001203,1.000000,0.363320,0.008405,1.312132
21.600000,0.000001,0.934548,0.000276,0.013894,0,0.000019,0.041869,0.008172,1.313467,0.000002,0.634744,0.005098,1.386933,-0.023432,0,17.052952,1,stable,-0.001627,0.002039,1.000000,0.374240,0.008172,1.313467
21.700000,0.000007,0.927558,0.000087,0.013596,0,0.000019,0.050148,0.007927,1.317356,0.000002,0.617451,0.007743,1.386933,0.029760,0,17.067590,1,stable,-0.001381,0.002744,1.000000,0.384069,0.007927,1.317356
21.800000,0.000011,0.923592,-0.000173,0.013273,0,0.000019,0.057631,0.007670,1.323459,0.000002,0.603070,0.007221,1.386933,0.082789,0,17.451136,1,stable,-0.001090,0.005521,1.000000,0.392784,0.007670,1.323459
21.900000,0.000008,0.923588,-0.000339,0.012927,0,0.000021,0.063889,0.007403,1.331227,0.000002,0.597499,0.007368,1.386933,0.074830,0,17.067590,1,transitoire,-0.000588,0.006621,1.000000,0.400369,0.007403,1.331227
22,0.000001,0.926469,-0.000278,0.012558,0,0.000019,0.068595,0.007128,1.339942,0.000002,0.566440,0.004632,1.386933,0.062579,0,17.451136,1,transitoire,-0.000023,0.002542,1.000000,0.406809,0.007128,1.339942
22.100000,-0.000000,0.928852,-0.000218,0.012170,0,0.000018,0.071556,0.006845,1.348769,0.000002,0.564898,0.000671,1.385996,0.047056,0,17.852316,1,transitoire,0.000183,-0.000488,1.000000,0.412092,0.006845,1.348769
22.200000,-0.000001,0.926365,-0.000243,0.011764,0,0.000018,0.072741,0.006556,1.356829,0.000002,0.566962,0.004415,1.385996,0.029612,0,17.958221,1,transitoire,0.000135,-0.001768,1.000000,0.416209,0.006556,1.356829
22.300000,-0.000004,0.916137,-0.000030,0.011341,0,0.000018,0.072293,0.006262,1.363293,0.000002,0.569685,0.004964,1.385996,0.011849,0,18.065390,1,transitoire,-0.000015,-0.004643,1,0.419154,0.006262,1.363293
22.400000,-0.000004,0.899078,0.000221,0.010904,0,0.000018,0.070529,0.005966,1.367475,0.000002,0.592060,0.005665,1.385996,-0.004480,0,18.167835,1,transitoire,-0.000390,-0.005557,1,0.420923,0.005966,1.367475
22.500000,-0.000002,0.880554,0.000222,0.010456,0,0.000020,0.067914,0.005668,1.368922,0.000002,0.605838,0.003427,1.385996,-0.017643,0,18.271448,1,stable,-0.000820,-0.003676,1,0.421513,0.005668,1.368922
22.600000,-0.000000,0.868472,0.000187,0.009997,0,0.000020,0.070827,0.005370,1.367475,0.000002,0.591998,0.002350,1.385086,-0.026149,0,18.432718,1,chronique,-0.001076,-0.001641,1,0.420923,0.005370,1.367475
22.700000,0.000000,0.869010,0.000198,0.009530,0,0.000021,0.079298,0.005073,1.363293,0.000002,0.557116,0.000994,1.385086,0.029137,0,18.596861,1,transitoire,-0.001155,-0.000243,1,0.419154,0.005073,1.363293
22.800000,0.000000,0.882722,0.000167,0.009058,0,0.000020,0.086967,0.004778,1.356829,0.000002,0.519376,0.001993,1.385086,0.084710,0,18.694894,1,transitoire,-0.001117,0.000799,1,0.416209,0.004778,1.356829
22.900000,0.000000,0.904370,0.000094,0.008582,0,0.000020,0.093376,0.004487,1.348769,0.000002,0.503832,0.002745,1.385086,0.076691,0,18.793967,1,transitoire,-0.000997,0.001676,1,0.412092,0.004487,1.348769
23,0.000001,0.926469,0.000015,0.008105,0,0.000020,0.098215,0.004200,1.339942,0.000002,0.505677,0.003286,1.385086,0.064087,0,18.823735,1,transitoire,-0.000811,0.002402,1,0.406809,0.004200,1.339942
23.100000,0.000001,0.943205,-0.000053,0.007628,0,0.000021,0.101355,0.003918,1.331227,0.000002,0.537911,0.003569,1.384161,0.048392,0,18.853598,1,transitoire,-0.000576,0.002916,1,0.400369,0.003918,1.331227
23.200000,0.000002,0.952136,-0.000106,0.007155,0,0.000020,0.102847,0.003644,1.323459,0.000002,0.539192,0.003633,1.384161,0.031392,0,18.914515,1,transitoire,-0.000312,0.003122,1,0.392784,0.003644,1.323459
23.300000,0.000001,0.953688,-0.000145,0.006686,0,0.000020,0.102912,0.003376,1.317356,0.000002,0.500569,0.003443,1.384161,0.014920,0,18.975827,1,transitoire,-0.000043,0.002919,1,0.384069,0.003376,1.317356
23.400000,0.000001,0.949772,-0.000168,0.006224,0,0.000020,0.101911,0.003117,1.313467,0.000002,0.487263,0.002863,1.384161,0.000657,0,19.022995,1,transitoire,0.000195,0.002286,1,0.374240,0.003117,1.313467
23.500000,0.000000,0.942661,-0.000171,0.005771,0,0.000020,0.100301,0.002867,1.312132,0.000002,0.482110,0.001849,1.384161,-0.010016,0,19.070398,1,transitoire,0.000370,0.001377,1,0.363320,0.002867,1.312132
23.600000,0.000000,0.934548,-0.000152,0.005329,0,0.000020,0.104199,0.002626,1.313467,0.000002,0.484371,0.000446,1.383257,-0.016095,0,19.125906,1,transitoire,0.000463,0.000482,1,0.351335,0.002626,1.313467
23.700000,-0.000000,0.927558,-0.000107,0.004899,0,0.000020,0.113601,0.002396,1.317356,0.000002,0.488970,0.001042,1.383257,0.038976,0,19.181739,1,transitoire,0.000479,-0.000333,1,0.338318,0.002396,1.317356
23.800000,-0.000000,0.923592,-0.000038,0.004484,0,0.000020,0.122423,0.002177,1.323459,0.000002,0.499362,0.001761,1.383257,0.094021,0,19.216955,1,transitoire,0.000428,-0.001272,1,0.324303,0.002177,1.323459
23.900000,-0.000000,0.923588,0.000037,0.004084,0,0.000020,0.130249,0.001969,1.331227,0.000002,0.497272,0.002229,1.383257,0.088223,0,19.252301,1,transitoire,0.000304,-0.001897,1,0.309334,0.001969,1.331227
24,-0.000000,0.926469,0.000080,0.003702,0,0.000020,0.136763,0.001773,1.339942,0.000002,0.478565,0.001709,1.383257,0.078259,0,19.331676,1,transitoire,0.000135,-0.001548,1,0.293459,0.001773,1.339942
24.100000,-0.000000,0.928852,0.000090,0.003338,0,0.000020,0.141783,0.001588,1.348769,0.000002,0.472674,0.000884,1.382381,0.065138,0,19.411709,1,transitoire,0.000003,-0.000839,1,0.276734,0.001588,1.348769
24.200000,-0.000000,0.926365,0.000089,0.002994,0,0.000020,0.145289,0.001416,1.356829,0.000002,0.472870,0.000242,1.382381,0.050203,0,19.433372,1,transitoire,-0.000065,-0.000151,1,0.259218,0.001416,1.356829
24.300000,0.000000,0.916137,0.000054,0.002671,0,0.000020,0.147434,0.001255,1.363293,0.000002,0.472929,0.000824,1.382381,0.035056,0,19.455083,1,transitoire,-0.000074,0.000585,1,0.240981,0.001255,1.363293
24.400000,0.000000,0.899078,0.000000,0.002368,0,0.000020,0.148549,0.001107,1.367475,0.000002,0.474463,0.001046,1.382381,0.021457,0,19.883402,1,transitoire,-0.000023,0.000961,1,0.222096,0.001107,1.367475
24.500000,0.000000,0.880554,-0.000031,0.002087,0,0.000020,0.149112,0.000971,1.368921,0.000002,0.477652,0.001028,1.382381,0.011145,0,20.331004,1,transitoire,0.000056,0.000935,1,0.202643,0.000971,1.368921
24.600000,0.000000,0.868472,-0.000045,0.001828,0,0.000020,0.155521,0.000846,1.367475,0.000002,0.497830,0.000809,1.381534,0.005634,0,20.389479,1,transitoire,0.000129,0.000744,1,0.182707,0.000846,1.367475
24.700000,0.000000,0.869010,-0.000048,0.001590,0,0.000024,0.167824,0.000733,1.363293,0.000002,0.548308,0.000519,1.381534,0.064083,0,20.448291,1,transitoire,0.000183,0.000521,1,0.162379,0.000733,1.363293
24.800000,0.000000,0.882722,-0.000042,0.001374,0,0.000022,0.179687,0.000630,1.356829,0.000002,0.560978,0.000255,1.381534,0.123028,0,20.700396,1,transitoire,0.000216,0.000313,1,0.141753,0.000630,1.356829
24.900000,0.000000,0.904370,-0.000031,0.001178,0,0.000020,0.190683,0.000539,1.348769,0.000002,0.518662,0.000116,1.381534,0.118633,0,20.958796,1,transitoire,0.000230,0.000136,1,0.120927,0.000539,1.348769
25,-0.000000,0.926469,-0.000019,0.001002,0,0.000020,0.200541,0.000457,1.339942,0.000002,0.511035,0.000258,1.381534,0.109962,0,21.026825,1,transitoire,0.000230,-0.000007,1,0.100000,0.000457,1.339942
25.100000,-0.000000,0.943205,-0.000009,0.000846,0,0.000020,0.209175,0.000384,1.331227,0.000002,0.513512,0.000354,1.380716,0.098577,0.100000,21.095298,1,transitoire,0.000218,-0.000116,1,0.079073,0.000384,1.331227
25.200000,-0.000000,0.952136,-0.000000,0.000708,0,0.000020,0.216694,0.000321,1.323459,0.000002,0.534129,0.000405,1.380716,0.086344,0.200000,21.114233,1,transitoire,0.000197,-0.000189,1,0.058247,0.000321,1.323459
25.300000,-0.000000,0.953688,0.000006,0.000588,0,0.000020,0.223385,0.000266,1.317356,0.000002,0.571512,0.000411,1.380716,0.075191,0.300000,21.133202,1,transitoire,0.000172,-0.000221,1,0.037621,0.000266,1.317356
25.400000,-0.000000,0.949772,0.000010,0.000483,0,0.000020,0.229686,0.000218,1.313467,0.000002,0.564510,0.000375,1.380716,0.066909,0.400000,21.311681,1,transitoire,0.000146,-0.000212,1,0.017293,0.000218,1.313467
25.500000,-0.000000,0.942661,0.000012,0.000395,0,0.000020,0.229553,0.000178,1.312132,0.000002,0.565567,0.000308,1.380716,0.063007,0.500000,21.493200,1,transitoire,0.000121,-0.000171,1,0.001000,0.000178,1.312132
25.600000,-0.000000,0.934548,0.000012,0.000327,0,0.000020,0.213652,0.000147,1.313467,0.000002,0.565719,0.000229,1.379917,-0.001332,0.600000,21.528157,1,chronique,0.000101,-0.000112,1,0.001000,0.000147,1.313467
25.700000,-0.000000,0.927558,0.000010,0.000267,0,0.000020,0.233354,0.000120,1.317356,0.000002,0.565697,0.000148,1.379917,-0.159006,0.700000,21.563228,1,transitoire,0.000087,-0.000046,1,0.001000,0.000120,1.317356
25.800000,0.000000,0.923592,0.000006,0.000216,0,0.000020,0.253797,0.000097,1.323459,0.000002,0.574942,0.000082,1.379917,0.197022,0.800000,21.569216,1,transitoire,0.000079,0.000012,1,0.001000,0.000097,1.323459
25.900000,0.000000,0.923588,0.000003,0.000172,0,0.000020,0.274740,0.000077,1.331227,0.000002,0.606372,0.000041,1.379917,0.204424,0.900000,21.575207,1,transitoire,0.000076,0.000048,1,0.001000,0.000077,1.331227
26,0.000000,0.926469,-0.000001,0.000134,0,0.000020,0.296078,0.000060,1.339942,0.000002,0.642882,0.000046,1.379917,0.209435,1,21.641164,1,transitoire,0.000076,0.000057,1,0.001000,0.000060,1.339942
26.100000,0.000000,0.928852,-0.000003,0.000103,0,0.000020,0.317873,0.000046,1.348769,0.000002,0.665053,0.000045,1.379140,0.213375,1.100000,21.707526,1,transitoire,0.000077,0.000044,1,0.001000,0.000046,1.348769
26.200000,0.000000,0.926365,-0.000003,0.000078,0,0.000021,0.340397,0.000035,1.356829,0.000002,0.669625,0.000066,1.379140,0.217957,1.200000,21.832524,1,transitoire,0.000077,0.000022,1,0.001000,0.000035,1.356829
26.300000,0.000000,0.916137,-0.000002,0.000058,0,0.000020,0.364151,0.000026,1.363293,0.000002,0.681279,0.000083,1.379140,0.225238,1.300000,21.958969,1,transitoire,0.000075,0.000003,1,0.001000,0.000026,1.363293
26.400000,-0.000000,0.899078,-0.000001,0.000042,0,0.000020,0.389878,0.000019,1.367475,0.000002,0.686143,0.000089,1.379140,0.237534,1.400000,21.960019,1,transitoire,0.000071,-0.000008,1,0.001000,0.000019,1.367475
26.500000,-0.000000,0.880554,-0.000000,0.000030,0,0.000020,0.418561,0.000013,1.368921,0.000002,0.685756,0.000087,1.379140,0.257274,1.500000,21.961070,1,transitoire,0.000067,-0.000010,1,0.001000,0.000013,1.368921
26.600000,-0.000000,0.868472,0.000000,0.000020,0,0.000020,0.457206,0.000009,1.367475,0.000002,0.685992,0.000081,1.378387,0.286831,1.600000,22.106332,1,transitoire,0.000063,-0.000009,1,0.001000,0.000009,1.367475
26.700000,-0.000000,0.869010,0.000001,0.000014,0,0.000020,0.506608,0.000006,1.363293,0.000002,0.708285,0.000074,1.378387,0.386446,1.700000,22.253529,1,transitoire,0.000059,-0.000006,1,0.001000,0.000006,1.363293
26.800000,-0.000000,0.882722,0.000000,0.000009,0,0.000020,0.561358,0.000004,1.356829,0.000002,0.807653,0.000068,1.378387,0.494027,1.800000,22.289396,1,transitoire,0.000056,-0.000004,1,0.001000,0.000004,1.356829
26.900000,-0.000000,0.904370,0.000000,0.000005,0,0.000020,0.622179,0.000002,1.348769,0.000002,0.835216,0.000062,1.378387,0.547498,1.900000,22.325378,1,transitoire,0.000053,-0.000002,1,0.001000,0.000002,1.348769
27,-0.000000,0.926469,0.000000,0.000003,0,0.000020,0.690248,0.000001,1.339942,0.000002,0.717936,0.000058,1.378387,0.608203,2,22.418705,1,transitoire,0.000050,-0.000001,1,0.001000,0.000001,1.339942
27.100000,-0.000000,0.943205,0.000000,0.000002,0,0.000020,0.767326,0.000001,1.331227,0.000002,0.695274,0.000055,1.377660,0.680690,2.100000,22.512814,1,transitoire,0.000047,-0.000000,1,0.001000,0.000001,1.331227
27.200000,-0.000000,0.952136,0.000000,0.000001,0,0.000020,0.855900,0.000000,1.323459,0.000002,0.695370,0.000052,1.377660,0.770785,2.200000,22.784520,1,transitoire,0.000045,-0.000000,1,0.001000,0.000000,1.323459
27.300000,0.000000,0.953688,0.000000,0.000001,0,0.000020,0.959359,0.000000,1.317356,0.000002,0.751829,0.000049,1.377660,0.885737,2.300000,23.062865,1,transitoire,0.000043,0.000000,1,0.001000,0.000000,1.317356
27.400000,0.000000,0.949772,0.000000,0.000000,0,0.000020,1.082250,0.000000,1.313467,0.000002,0.828379,0.000047,1.377660,1.034594,2.400000,23.246499,1,transitoire,0.000040,0.000000,1,0.001000,0.000000,1.313467
27.500000,0.000000,0.942661,-0.000000,0.000000,0,0.000020,1.230651,0.000000,1.312132,0.000002,0.719373,0.000044,1.377660,1.228912,2.500000,23.433080,1,transitoire,0.000038,0.000000,1,0.001000,0.000000,1.312132
27.600000,0.000000,0.934548,-0.000000,0.000000,0,0.000020,1.418346,0.000000,1.313467,0.000002,0.600221,0.000042,1.376945,1.484005,2.600000,23.647364,1,transitoire,0.000036,0.000000,1,0.001000,0.000000,1.313467
27.700000,0.000000,0.927558,-0.000000,0.000000,0,0.000020,1.656007,0.000000,1.317356,0.000002,0.597720,0.000040,1.378386,1.876947,2.700000,23.865604,1,transitoire,0.000035,0.000000,1,0.001000,0.000000,1.317356
27.800000,0.000000,0.923592,-0.000000,0.000000,0,0.000020,1.952737,0.000000,1.323459,0.000002,0.597555,0.000038,1.384058,2.376617,2.800000,24.283756,1,transitoire,0.000033,0.000000,1,0.001000,0.000000,1.323459
27.900000,-0.000000,0.923588,-0.000000,0.000000,0,0.000020,2.330249,0.000000,1.331227,0.000002,0.599318,0.000036,1.395027,2.967291,2.900000,24.716822,1,transitoire,0.000031,-0.000000,1,0.001000,0.000000,1.331227
28,-0.000000,0.926469,-0.000000,0.000000,0,0.000020,2.821390,0.000000,1.339942,0.000002,0.634450,0.000034,1.412732,3.775122,3,24.923124,1,transitoire,0.000030,-0.000000,1,0.001000,0.000000,1.339942
28.100000,-0.000000,0.928852,0.000000,0.000000,0,0.000020,3.477253,0.000000,1.348769,0.000002,0.721784,0.000033,1.437445,4.911418,3.100000,25.132900,1,transitoire,0.000028,-0.000000,1,0.001000,0.000000,1.348769
28.200000,-0.000000,0.926365,0.000000,0.000000,0,0.000021,4.379985,0.000000,1.356829,0.000002,0.820281,0.000031,1.474956,6.558625,3.200000,25.374990,1,transitoire,0.000027,-0.000000,1,0.001000,0.000000,1.356829
28.300000,-0.000000,0.916137,0.000000,0.000000,0,0.000021,5.666979,0.000000,1.363293,0.000002,0.889353,0.000029,1.528292,9.027320,3.300000,25.621789,1,transitoire,0.000025,-0.000000,1,0.001000,0.000000,1.363293
28.400000,-0.000000,0.899078,0.000000,0.000000,0,0.000020,7.579015,0.000000,1.367475,0.000002,0.882599,0.000028,1.604204,12.869937,3.400000,25.650981,1,transitoire,0.000024,-0.000000,1,0.001000,0.000000,1.367475
28.500000,0.000000,0.880554,0.000000,0.000000,0,0.000020,10.562132,0.000000,1.368921,0.000002,0.785700,0.000027,1.713655,19.120367,3.500000,25.680240,1,transitoire,0.000023,0.000000,1,0.001000,0.000000,1.368921
28.600000,0.000000,0.868472,0.000000,0.000000,0,0.000020,15.504736,0.000000,1.367475,0.000002,0.755696,0.000025,1.866215,29.831165,3.600000,26.563926,1,transitoire,0.000022,0.000000,1,0.001000,0.000000,1.367475
28.700000,0.000000,0.869010,-0.000000,0.000000,0,0.000020,24.296053,0.000000,1.363293,0.000002,0.755779,0.000024,2.110421,49.426042,3.700000,27.510596,1,transitoire,0.000021,0.000000,1,0.001000,0.000000,1.363293
28.800000,0.000000,0.882722,-0.000000,0.000000,0,0.000020,41.379869,0.000000,1.356829,0.000002,0.768173,0.000023,2.506187,87.913165,3.800000,28.074481,1,transitoire,0.000020,0.000000,1,0.001000,0.000000,1.356829
28.900000,0.000000,0.904370,-0.000000,0.000000,0,0.000020,78.531387,0.000000,1.348769,0.000002,0.891153,0.000022,3.196458,170.838167,3.900000,28.661965,1,transitoire,0.000019,0.000000,1,0.001000,0.000000,1.348769
29,0.000000,0.926469,-0.000000,0.000000,0,0.000020,171.752301,0.000000,1.339942,0.000002,0.947854,0.000021,4.527262,371.515177,4,28.703059,1,transitoire,0.000018,0.000000,1,0.001000,0.000000,1.339942
29.100000,0.000000,0.943205,-0.000000,0.000000,0,0.000020,453.160525,0.000000,1.331227,0.000002,0.804327,0.000019,7.361584,932.209139,4.100000,28.744271,1,transitoire,0.000017,0.000000,1,0.001000,0.000000,1.331227
29.200000,0.000000,0.952136,-0.000000,0.000000,0,0.000020,1536.408192,0.000000,1.323459,0.000002,0.737742,0.000019,15.019472,2814.082242,4.200000,29.271069,1,transitoire,0.000016,0.000000,1,0.001000,0.000000,1.323459
29.300000,0.000000,0.953688,-0.000000,0.000000,0,0.000020,7313.589914,0.000000,1.317356,0.000002,0.737528,0.000018,41.037487,10832.476672,4.300000,29.817536,1,transitoire,0.000015,0.000000,1,0.001000,0.000000,1.317356
29.400000,-0.000000,0.949772,-0.000000,0.000000,0,0.000020,55505.188932,0.000000,1.313467,0.000002,0.826817,0.000017,164.973811,57771.817213,4.400000,30.120531,1,transitoire,0.000014,-0.000000,1,0.001000,0.000000,1.313467
29.500000,-0.000000,0.942661,-0.000000,0.000000,0,0.000020,810046.947163,0.000000,1.312132,0.000002,0.925900,0.000016,1105.716897,481915.990187,4.500000,30.429747,1,transitoire,0.000014,-0.000000,1,0.001000,0.000000,1.312132
29.600000,-0.000000,0.934548,0.000000,0.000000,0,0.000020,29509417.787793,0.000000,1.313467,0.000002,0.960351,0.000015,14588.070735,7545417.582307,4.600000,30.538989,1,transitoire,0.000013,-0.000000,1,0.017293,0.000000,1.313467
29.700000,-0.000000,0.927558,0.000000,0.000000,0,0.000020,4372418631.964027,0.000000,1.317356,0.000002,0.931074,0.000014,506411.678076,286993708.406301,4.700000,30.649017,1,transitoire,0.000012,-0.000000,1,0.037621,0.000000,1.317356
29.800000,-0.000000,0.923592,0.000000,0.000000,0,0.000020,5380880406097.724609,0.000000,1.323459,0.000002,0.664803,0.000014,73380055.521677,43429092141.762337,4.800000,30.735291,1,transitoire,0.000012,-0.000000,1,0.058247,0.000000,1.323459
29.900000,-0.000000,0.923588,0.000000,0.000000,0,0.000020,188130051392592480,0.000000,1.331227,0.000002,0.640822,0.000013,89754720157.127930,53765079874657.601562,4.900000,30.822051,1,transitoire,0.000011,-0.000000,1,0.079073,0.000000,1.331227
30,0.000000,0.926469,0.000000,0.000000,0,0.000022,1707012086137587528368128,0.000000,1.339942,0.000002,0.640997,0.000012,3135590611263365.500000,1881246705121863680,5,31.808908,1,transitoire,0.000011,0.000000,1,0.100000,0.000000,1.339942
30.100000,0.000000,0.928852,0.000000,0.000000,0,0.000024,274347138998259899777332161420460032,0.000000,1.348769,0.000002,0.641108,0.000012,27983807774967610736640,17070118980075361631469568,5.100000,32.861049,1,transitoire,0.000010,0.000000,1,0.120927,0.000000,1.348769
30.200000,0.000000,0.926365,-0.000000,0,0,0.000020,4862574173814265292131033930337301798676725430025715712,0.000000,1.356829,0.000002,0.719377,0.000011,4497494081966670724657894335184896,2743471389965528454594487089977360384,5.200000,32.893161,1,transitoire,0.000010,0.000000,1,0.141753,0.000000,1.356829
30.300000,0.000000,0.916137,-0.000000,0,0,0.000020,4881261147246791743753236950833704050042773789323661872879818268485476441475386837267644416,0.000000,1.363293,0.000002,0.831406,0.000011,79714330718266639600846078804504921880079621175640064,48625741738142652921310339303373017986767254300257157120,5.300000,32.925335,1,transitoire,0.000009,0.000000,1,0.162379,0.000000,1.363293
30.400000,0,0.899078,-0.000000,0,0,0.000021,0.008396,0,1.367475,0.000002,0.909929,0.000010,80020674545029373080131368345258666995232029430606721303273597434269313220462892583747584,48812611472467915628280975175271487007131097132488058521454672284220951298229118249033793536,5.400000,33.132005,1,chronique,0.000009,0,1,0.182707,0,1.367475
30.500000,0,0.880554,-0.000000,0,0,0.000018,0.002901,0,1.368921,0.000002,0.954697,0.000010,80020674545029373080131368345258666995232029430606721303273597434269313220462892583747584,-48812611472467915628280975175271487007131097132488058521454672284220951298229118249033793536,5.500000,33.341287,1,chronique,0.000008,0,1,0.202643,0,1.368921
30.600000,0,0.868472,0,0,0,0.000018,0.002905,0,1.367475,0.000002,0.979915,0.000009,78730018503980518379467410664383772204861515415119506745745341429421339688954450432491520,-0.054944,5.600000,33.517795,1,chronique,0.000008,0,1,0.222096,0,1.367475
30.700000,0,0.869010,0,0,0,0.000018,0.008423,0,1.363293,0.000002,0.982469,0.000009,78730018503980518379467410664383772204861515415119506745745341429421339688954450432491520,0.000033,5.700000,33.696183,1,chronique,0.000007,0,1,0.240981,0,1.363293
30.800000,0,0.882722,0,0,0,0.000018,0.013086,0,1.356829,0.000002,0.814947,0.000008,78730018503980518379467410664383772204861515415119506745745341429421339688954450432491520,0.055185,5.800000,34.418364,1,chronique,0.000007,0,1,0.259218,0,1.356829
30.900000,0,0.904370,0,0,0,0.000020,0.016422,0,1.348769,0.000002,0.793231,0.000008,78730018503980518379467410664383772204861515415119506745745341429421339688954450432491520,0.046627,5.900000,35.172179,1,chronique,0.000007,0,1,0.276734,0,1.348769
31,0,0.926469,0,0,0,0.000020,0.018110,0,1.339942,0.000002,0.793314,0.000007,78730018503980518379467410664383772204861515415119506745745341429421339688954450432491520,0.033362,6,35.496541,1,chronique,0.000006,0,1,0.293459,0,1.339942
31.100000,0,0.943205,0,0,0,0.000021,0.018006,0,1.331227,0.000002,0.792572,0.000007,77480335670583997727483318994449224497997045029689633108552185214683964464415614603100160,0.016880,6.100000,35.826941,1,chronique,0.000006,0,1,0.309334,0,1.331227
31.200000,0,0.952136,0,0,0,0.000021,0.016151,0,1.323459,0.000002,0.807581,0.000007,77480335670583997727483318994449224497997045029689633108552185214683964464415614603100160,-0.001037,6.200000,36.234388,1,chronique,0.000006,0,1,0.324303,0,1.323459
31.300000,0,0.953688,0,0,0,0.000021,0.012751,0,1.317356,0.000002,0.786235,0.000006,77480335670583997727483318994449224497997045029689633108552185214683964464415614603100160,-0.018555,6.300000,36.651209,1,chronique,0.000005,0,1,0.338318,0,1.317356
31.400000,0,0.949772,0,0,0,0.000022,0.008153,0,1.313467,0.000002,0.717826,0.000006,77480335670583997727483318994449224497997045029689633108552185214683964464415614603100160,-0.033997,6.400000,37.076962,1,stable,0.000005,0,1,0.351335,0,1.313467
31.500000,0,0.942661,0,0,0,0.000021,0.002802,0,1.312132,0.000002,0.836931,0.000006,77480335670583997727483318994449224497997045029689633108552185214683964464415614603100160,-0.045983,6.500000,37.512723,1,stable,0.000005,0,1,0.363320,0,1.312132
31.600000,0,0.934548,0,0,0,0.000024,0.002798,0,1.313467,0.000002,0.888210,0.000005,76269705425731120996144327356776625781918340458182216763747160445085569398052919332306944,-0.053513,6.600000,37.876238,1,stable,0.000005,0,1,0.374240,0,1.313467
31.700000,0,0.927558,0,0,0,0.000022,0.008127,0,1.317356,0.000002,0.910593,0.000005,76269705425731120996144327356776625781918340458182216763747160445085569398052919332306944,-0.000031,6.700000,38.246867,1,stable,0.000004,0,1,0.384069,0,1.317356
31.800000,0,0.923592,0,0,0,0.000021,0.012688,0,1.323459,0.000002,0.925640,0.000005,76269705425731120996144327356776625781918340458182216763747160445085569398052919332306944,0.053284,6.800000,39.352189,1,stable,0.000004,0,1,0.392784,0,1.323459
31.900000,0,0.923588,0,0,0,0.000021,0.016050,0,1.331227,0.000002,0.941575,0.000005,76269705425731120996144327356776625781918340458182216763747160445085569398052919332306944,0.045610,6.900000,40.523299,1,stable,0.000004,0,1,0.400369,0,1.331227
32,0,0.926469,0,0,0,0.000021,0.017881,0,1.339942,0.000002,0.959923,0.000004,76269705425731120996144327356776625781918340458182216763747160445085569398052919332306944,0.033618,7,40.722177,1,stable,0.000004,0,1,0.406809,0,1.339942
32.100000,0,0.928852,0,0,0,0.000021,0.017983,0,1.348769,0.000002,0.961960,0.000004,75096325342258335171654869315614276308337135494672403888298950669235868252214394896777216,0.018313,7.100000,40.923017,1,stable,0.000004,0,1,0.412092,0,1.348769
32.200000,0,0.926365,0,0,0,0.000021,0.016318,0,1.356829,0.000002,0.821011,0.000004,75096325342258335171654869315614276308337135494672403888298950669235868252214394896777216,0.001025,7.200000,41.000700,1,stable,0.000003,0,1,0.416209,0,1.356829
32.300000,0,0.916137,0,0,0,0.000021,0.013020,0,1.363293,0.000002,0.815619,0.000004,75096325342258335171654869315614276308337135494672403888298950669235868252214394896777216,-0.016654,7.300000,41.078679,1,stable,0.000003,0,1,0.419154,0,1.363293
32.400000,0,0.899078,0,0,0,0.000021,0.008396,0,1.367475,0.000002,0.898019,0.000004,75096325342258335171654869315614276308337135494672403888298950669235868252214394896777216,-0.032982,7.400000,41.228190,1,stable,0.000003,0,1,0.420923,0,1.367475
32.500000,0,0.880554,0,0,0,0.000021,0.002901,0,1.368921,0.000002,0.936149,0.000003,75096325342258335171654869315614276308337135494672403888298950669235868252214394896777216,-0.046241,7.500000,41.378793,1,stable,0.000003,0,1,0.421513,0,1.368921
32.600000,0,0.868472,0,0,0,0.000021,0.002905,0,1.367475,0.000002,0.959371,0.000003,73958502231011997830779531767428805202633542982885558876345267704925602443305813939322880,-0.054944,7.600000,41.862282,1,stable,0.000003,0,1,0.420923,0,1.367475
32.700000,0,0.869010,0,0,0,0.000021,0.008423,0,1.363293,0.000002,0.975765,0.000003,73958502231011997830779531767428805202633542982885558876345267704925602443305813939322880,0.000033,7.700000,42.357203,1,stable,0.000003,0,1,0.419154,0,1.363293
32.800000,0,0.882722,0,0,0,0.000021,0.013086,0,1.356829,0.000002,0.983766,0.000003,73958502231011997830779531767428805202633542982885558876345267704925602443305813939322880,0.055185,7.800000,42.993380,1,stable,0.000003,0,1,0.416209,0,1.356829
32.900000,0,0.904370,0,0,0,0.000021,0.016422,0,1.348769,0.000002,0.877010,0.000003,73958502231011997830779531767428805202633542982885558876345267704925602443305813939322880,0.046627,7.900000,43.648958,1,stable,0.000002,0,1,0.412092,0,1.348769
33,0,0.926469,0,0,0,0.000021,0.018110,0,1.339942,0.000002,0.954135,0.000003,73958502231011997830779531767428805202633542982885558876345267704925602443305813939322880,0.033362,8,44.140931,1,stable,0.000002,0,1,0.406809,0,1.339942
33.100000,0,0.943205,0,0,0,0.000021,0.018006,0,1.331227,0.000002,0.975916,0.000003,72854643988758088892162458570743635821469759380207220480266953635220170389076581975851008,0.016880,8.100000,44.644122,1,stable,0.000002,0,1,0.400369,0,1.331227
33.200000,0,0.952136,0,0,0,0.000021,0.016151,0,1.323459,0.000002,0.982647,0.000002,72854643988758088892162458570743635821469759380207220480266953635220170389076581975851008,-0.001037,8.200000,45.009486,1,stable,0.000002,0,1,0.392784,0,1.323459
33.300000,0,0.953688,0,0,0,0.000021,0.012751,0,1.317356,0.000002,0.985477,0.000002,72854643988758088892162458570743635821469759380207220480266953635220170389076581975851008,-0.018555,8.300000,45.380880,1,stable,0.000002,0,1,0.384069,0,1.317356
33.400000,0,0.949772,0,0,0,0.000021,0.008153,0,1.313467,0.000002,0.984089,0.000002,72854643988758088892162458570743635821469759380207220480266953635220170389076581975851008,-0.033997,8.400000,45.672207,1,stable,0.000002,0,1,0.374240,0,1.313467
33.500000,0,0.942661,0,0,0,0.000021,0.002802,0,1.312132,0.000002,0.979931,0.000002,72854643988758088892162458570743635821469759380207220480266953635220170389076581975851008,-0.045983,8.500000,45.967298,1,stable,0.000002,0,1,0.363320,0,1.312132
33.600000,0,0.934548,0,0,0,0.000021,0.002798,0,1.313467,0.000002,0.984977,0.000002,71783252165393992074378038033708989951693730447892637360035217182153575617917568094830592,-0.053513,8.600000,46.616987,1,stable,0.000002,0,1,0.351335,0,1.313467
33.700000,0,0.927558,0,0,0,0.000021,0.008127,0,1.317356,0.000002,0.985722,0.000002,71783252165393992074378038033708989951693730447892637360035217182153575617917568094830592,-0.000031,8.700000,47.285304,1,stable,0.000002,0,1,0.338318,0,1.317356
33.800000,0,0.923592,0,0,0,0.000022,0.012688,0,1.323459,0.000002,0.985963,0.000002,71783252165393992074378038033708989951693730447892637360035217182153575617917568094830592,0.053284,8.800000,47.878671,1,stable,0.000002,0,1,0.324303,0,1.323459
33.900000,0,0.923588,0,0,0,0.000021,0.016050,0,1.331227,0.000002,0.986053,0.000002,71783252165393992074378038033708989951693730447892637360035217182153575617917568094830592,0.045610,8.900000,48.487119,1,stable,0.000001,0,1,0.309334,0,1.331227
34,0,0.926469,0,0,0,0.000021,0.017881,0,1.339942,0.000002,0.986088,0.000002,71783252165393992074378038033708989951693730447892637360035217182153575617917568094830592,0.033618,9,48.670815,1,stable,0.000001,0,1,0.293459,0,1.339942
34.100000,0,0.928852,0,0,0,0.000021,0.017983,0,1.348769,0.000002,0.986099,0.000001,70742915177489738899194750154985114106829476671892464136487365848835576029185945116868608,0.018313,9.100000,48.855907,1,stable,0.000001,0,1,0.276734,0,1.348769
34.200000,0,0.926365,0,0,0,0.000021,0.016318,0,1.356829,0.000002,0.986103,0.000001,70742915177489738899194750154985114106829476671892464136487365848835576029185945116868608,0.001025,9.200000,49.474564,1,stable,0.000001,0,1,0.259218,0,1.356829
34.300000,0,0.916137,0,0,0,0.000021,0.013020,0,1.363293,0.000002,0.986103,0.000001,70742915177489738899194750154985114106829476671892464136487365848835576029185945116868608,-0.016654,9.300000,50.109091,1,stable,0.000001,0,1,0.240981,0,1.363293
34.400000,0,0.899078,0,0,0,0.000021,0.008396,0,1.367475,0.000002,0.986103,0.000001,70742915177489738899194750154985114106829476671892464136487365848835576029185945116868608,-0.032982,9.400000,50.320577,1,stable,0.000001,0,1,0.222096,0,1.367475
34.500000,0,0.880554,0,0,0,0.000021,0.002901,0,1.368921,0.000002,0.986103,0.000001,70742915177489738899194750154985114106829476671892464136487365848835576029185945116868608,-0.046241,9.500000,50.533855,1,stable,0.000001,0,1,0.202643,0,1.368921
34.600000,0,0.868472,0,0,0,0.000021,0.002905,0,1.367475,0.000002,0.986103,0.000001,69732302103525597954734987095004302048197340526720669797696966693215568017974053142790144,-0.054944,9.600000,51.703901,1,stable,0.000001,0,1,0.182707,0,1.367475
34.700000,0,0.869010,0,0,0,0.000021,0.008423,0,1.363293,0.000002,0.986103,0.000001,69732302103525597954734987095004302048197340526720669797696966693215568017974053142790144,0.000033,9.700000,52.929413,1,stable,0.000001,0,1,0.162379,0,1.363293
34.800000,0,0.882722,0,0,0,0.000021,0.013086,0,1.356829,0.000002,0.986103,0.000001,69732302103525597954734987095004302048197340526720669797696966693215568017974053142790144,0.055185,9.800000,52.972217,1,stable,0.000001,0,1,0.141753,0,1.356829
34.900000,0,0.904370,0,0,0,0.000028,0.016422,0,1.348769,0.000001,0.986103,0.000001,69732302103525597954734987095004302048197340526720669797696966693215568017974053142790144,0.046627,9.900000,53.015090,1,stable,0.000001,0,1,0.120927,0,1.348769
35,0,0.926469,0,0,0,0.000021,0.018110,0,1.339942,0.000001,0.986103,0.000001,69732302103525597954734987095004302048197340526720669797696966693215568017974053142790144,0.033362,10,55.429231,1,stable,0.000001,0,1,0.100000,0,1.339942
35.100000,0,0.943205,0,0,0,0.000021,0.018006,0,1.331227,0.000001,0.986103,0.000001,68750157003475934677665788150742096620429769420468485269623894976785654749414751521996800,0.016880,10.100000,58.073726,1,stable,0.000001,0,1,0.079073,0,1.331227
35.200000,0,0.952136,0,0,0,0.000020,0.016151,0,1.323459,0.000001,0,0.000001,68750157003475934677665788150742096620429769420468485269623894976785654749414751521996800,-0.001037,10.200000,58.633847,1,stable,0.000001,0,1,0.058247,0,1.323459
35.300000,0,0.953688,0,0,0,0.000019,0.012751,0,1.317356,0.000001,0,0.000001,68750157003475934677665788150742096620429769420468485269623894976785654749414751521996800,-0.018555,10.300000,59.204877,1,stable,0.000001,0,1,0.037621,0,1.317356
35.400000,0,0.949772,0,0,0,0.000019,0.008153,0,1.313467,0.000001,0,0.000001,68750157003475934677665788150742096620429769420468485269623894976785654749414751521996800,-0.033997,10.400000,59.886305,1,stable,0.000001,0,1,0.017293,0,1.313467
35.500000,0,0.942661,0,0,0,0.000019,0.002802,0,1.312132,0.000001,0,0.000001,68750157003475934677665788150742096620429769420468485269623894976785654749414751521996800,-0.045983,10.500000,60.583601,1,stable,0.000001,0,1,0.001000,0,1.312132
35.600000,0,0.934548,0,0,0,0.000019,0.002798,0,1.313467,0.000001,0,0.000001,67795293711760998011547904120143071435747414400978428969983162062848468906363662777712640,-0.053513,10.600000,62.293633,1,stable,0.000001,0,1,0.001000,0,1.313467
35.700000,0,0.927558,0,0,0,0.000022,0.008127,0,1.317356,0.000001,0,0.000001,67795293711760998011547904120143071435747414400978428969983162062848468906363662777712640,-0.000031,10.700000,64.103003,1,stable,0.000001,0,1,0.001000,0,1.317356
35.800000,0,0.923592,0,0,0,0.000019,0.012688,0,1.323459,0.000001,0,0.000001,67795293711760998011547904120143071435747414400978428969983162062848468906363662777712640,0.053284,10.800000,64.103257,1,stable,0.000001,0,1,0.001000,0,1.323459
35.900000,0,0.923588,0,0,0,0.000020,0.016050,0,1.331227,0.000001,0,0.000001,67795293711760998011547904120143071435747414400978428969983162062848468906363662777712640,0.045610,10.900000,64.103511,1,stable,0.000001,0,1,0.001000,0,1.331227
36,0,0.926469,0,0,0,0.000019,0.017881,0,1.339942,0.000001,0,0.000001,67795293711760998011547904120143071435747414400978428969983162062848468906363662777712640,0.033618,11,65.689202,1,stable,0.000000,0,1,0.001000,0,1.339942
36.100000,0,0.928852,0,0,0,0.000019,0.017983,0,1.348769,0.000001,0,0.000001,66866591058175230334618075917384619635269504370416472684646221143975818716981299848937472,0.018313,11.100000,67.355332,1,stable,0.000000,0,1,0.001000,0,1.348769
36.200000,0,0.926365,0,0,0,0.000019,0.016318,0,1.356829,0.000001,0,0.000001,66866591058175230334618075917384619635269504370416472684646221143975818716981299848937472,0.001025,11.200000,69.368044,1,stable,0.000000,0,1,0.001000,0,1.356829
36.300000,0,0.916137,0,0,0,0.000019,0.013020,0,1.363293,0.000001,0,0.000000,66866591058175230334618075917384619635269504370416472684646221143975818716981299848937472,-0.016654,11.300000,71.504749,1,stable,0.000000,0,1,0.001000,0,1.363293
36.400000,0,0.899078,0,0,0,0.000019,0.008396,0,1.367475,0.000001,0,0.000000,66866591058175230334618075917384619635269504370416472684646221143975818716981299848937472,-0.032982,11.400000,72.800498,1,stable,0.000000,0,1,0.001000,0,1.367475
36.500000,0,0.880554,0,0,0,0.000021,0.002901,0,1.368921,0.000001,0,0.000000,66866591058175230334618075917384619635269504370416472684646221143975818716981299848937472,-0.046241,11.500000,74.144075,1,stable,0.000000,0,1,0.001000,0,1.368921
36.600000,0,0.868472,0,0,0,0.000021,0.002905,0,1.367475,0.000001,0,0.000000,65962988476307994627100969845445374099715861214732170360555493492377835023606631538622464,-0.054944,11.600000,74.700069,1,stable,0.000000,0,1,0.001000,0,1.367475
36.700000,0,0.869010,0,0,0,0.000021,0.008423,0,1.363293,0.000001,0,0.000000,65962988476307994627100969845445374099715861214732170360555493492377835023606631538622464,0.000033,11.700000,75.264465,1,stable,0.000000,0,1,0.001000,0,1.363293
36.800000,0,0.882722,0,0,0,0.000021,0.013086,0,1.356829,0.000001,0,0.000000,65962988476307994627100969845445374099715861214732170360555493492377835023606631538622464,0.055185,11.800000,75.390561,1,stable,0.000000,0,1,0.001000,0,1.356829
36.900000,0,0.904370,0,0,0,0.000021,0.016422,0,1.348769,0.000001,0,0.000000,65962988476307994627100969845445374099715861214732170360555493492377835023606631538622464,0.046627,11.900000,75.517081,1,stable,0.000000,0,1,0.001000,0,1.348769
37,0,0.926469,0,0,0,0.000021,0.018110,0,1.339942,0.000001,0,0.000000,65962988476307994627100969845445374099715861214732170360555493492377835023606631538622464,0.033362,12,77.531812,1,stable,0.000000,0,1,0.001000,0,1.339942
37.100000,0,0.943205,0,0,0,0.000021,0.018006,0,1.331227,0.000001,0,0.000000,65083481963290560918041291600752275911593519013608917135158070581324863144679038334795776,0.016880,12.100000,79.656993,1,stable,0.000000,0,1,0.001000,0,1.331227
37.200000,0,0.952136,0,0,0,0.000021,0.016151,0,1.323459,0.000001,0,0.000000,65083481963290560918041291600752275911593519013608917135158070581324863144679038334795776,-0.001037,12.200000,80.306004,1,stable,0.000000,0,1,0.001000,0,1.323459
37.300000,0,0.953688,0,0,0,0.000021,0.012751,0,1.317356,0.000001,0,0.000000,65083481963290560918041291600752275911593519013608917135158070581324863144679038334795776,-0.018555,12.300000,80.965678,1,stable,0.000000,0,1,0.001000,0,1.317356
37.400000,0,0.949772,0,0,0,0.000021,0.008153,0,1.313467,0.000001,0,0.000000,65083481963290560918041291600752275911593519013608917135158070581324863144679038334795776,-0.033997,12.400000,83.255223,1,stable,0.000000,0,1,0.001000,0,1.313467
37.500000,0,0.942661,0,0,0,0.000021,0.002802,0,1.312132,0.000001,0,0.000000,65083481963290560918041291600752275911593519013608917135158070581324863144679038334795776,-0.045983,12.500000,85.678025,1,stable,0.000000,0,1,0.001000,0,1.312132
37.600000,0,0.934548,0,0,0,0.000021,0.002798,0,1.313467,0.000001,0,0.000000,64227120358510424376384100092215670658321763201107821463094481166628110269710168546607104,-0.053513,12.600000,87.578039,1,stable,0.000000,0,1,0.001000,0,1.313467
37.700000,0,0.927558,0,0,0,0.000021,0.008127,0,1.317356,0.000001,0,0.000000,64227120358510424376384100092215670658321763201107821463094481166628110269710168546607104,-0.000031,12.700000,89.564234,1,stable,0.000000,0,1,0.001000,0,1.317356
37.800000,0,0.923592,0,0,0,0.000021,0.012688,0,1.323459,0.000001,0,0.000000,64227120358510424376384100092215670658321763201107821463094481166628110269710168546607104,0.053284,12.800000,89.997688,1,stable,0.000000,0,1,0.001000,0,1.323459
37.900000,0,0.923588,0,0,0,0.000021,0.016050,0,1.331227,0.000001,0,0.000000,64227120358510424376384100092215670658321763201107821463094481166628110269710168546607104,0.045610,12.900000,90.435358,1,stable,0.000000,0,1,0.001000,0,1.331227
38,0,0.926469,0,0,0,0.000021,0.017881,0,1.339942,0.000001,0,0.000000,64227120358510424376384100092215670658321763201107821463094481166628110269710168546607104,0.033618,13,93.486286,1,stable,0.000000,0,1,0.001000,0,1.339942
38.100000,0,0.928852,0,0,0,0.000021,0.017983,0,1.348769,0.000001,0,0.000000,63393001912295998140668170086367547316543036842473336179724515175650516379976411947991040,0.018313,13.100000,96.750254,1,stable,0.000000,0,1,0.001000,0,1.348769
38.200000,0,0.926365,0,0,0,0.000020,0.016318,0,1.356829,0.000001,0,0.000000,63393001912295998140668170086367547316543036842473336179724515175650516379976411947991040,0.001025,13.200000,98.948912,1,stable,0.000000,0,1,0.001000,0,1.356829
38.300000,0,0.916137,0,0,0,0.000021,0.013020,0,1.363293,0.000001,0,0.000000,63393001912295998140668170086367547316543036842473336179724515175650516379976411947991040,-0.016654,13.300000,101.249822,1,stable,0.000000,0,1,0.001000,0,1.363293
38.400000,0,0.899078,0,0,0,0.000021,0.008396,0,1.367475,0.000001,0,0.000000,63393001912295998140668170086367547316543036842473336179724515175650516379976411947991040,-0.032982,13.400000,101.412653,1,stable,0.000000,0,1,0.001000,0,1.367475
38.500000,0,0.880554,0,0,0,0.000019,0.002901,0,1.368921,0.000001,0,0.000000,63393001912295998140668170086367547316543036842473336179724515175650516379976411947991040,-0.046241,13.500000,101.576008,1,stable,0.000000,0,1,0.001000,0,1.368921
38.600000,0,0.868472,0,0,0,0.000019,0.002905,0,1.367475,0.000001,0,0.000000,62580271118548610287249638058499457479217611921668982136937263056871279381370394023821312,-0.054944,13.600000,101.966757,1,stable,0.000000,0,1,0.001000,0,1.367475
38.700000,0,0.869010,0,0,0,0.000021,0.008423,0,1.363293,0.000001,0,0.000000,62580271118548610287249638058499457479217611921668982136937263056871279381370394023821312,0.000033,13.700000,102.360523,1,stable,0.000000,0,1,0.001000,0,1.363293
38.800000,0,0.882722,0,0,0,0.000019,0.013086,0,1.356829,0.000001,0,0.000000,62580271118548610287249638058499457479217611921668982136937263056871279381370394023821312,0.055185,13.800000,108.088945,1,stable,0.000000,0,1,0.001000,0,1.356829
38.900000,0,0.904370,0,0,0,0.000019,0.016422,0,1.348769,0.000001,0,0.000000,62580271118548610287249638058499457479217611921668982136937263056871279381370394023821312,0.046627,13.900000,114.496536,1,stable,0.000000,0,1,0.001000,0,1.348769
39,0,0.926469,0,0,0,0.000019,0.018110,0,1.339942,0.000001,0,0.000000,62580271118548610287249638058499457479217611921668982136937263056871279381370394023821312,0.033362,14,114.847814,1,stable,0.000000,0,1,0.001000,0,1.339942
39.100000,0,0.943205,0,0,0,0.000019,0.018006,0,1.331227,0.000001,0,0.000000,61788115787934071542749235219717960907738022160656949998109564948775830622175498355081216,0.016880,14.100000,115.201255,1,stable,0.000000,0,1,0.001000,0,1.331227
39.200000,0,0.952136,0,0,0,0.000019,0.016151,0,1.323459,0.000001,0,0.000000,61788115787934071542749235219717960907738022160656949998109564948775830622175498355081216,-0.001037,14.200000,115.943617,1,stable,0.000000,0,1,0.001000,0,1.323459
39.300000,0,0.953688,0,0,0,0.000020,0.012751,0,1.317356,0.000001,0,0.000000,61788115787934071542749235219717960907738022160656949998109564948775830622175498355081216,-0.018555,14.300000,116.695609,1,stable,0.000000,0,1,0.001000,0,1.317356
39.400000,0,0.949772,0,0,0,0.000019,0.008153,0,1.313467,0.000001,0,0.000000,61788115787934071542749235219717960907738022160656949998109564948775830622175498355081216,-0.033997,14.400000,117.396874,1,stable,0.000000,0,1,0.001000,0,1.313467
39.500000,0,0.942661,0,0,0,0.000019,0.002802,0,1.312132,0.000001,0,0.000000,61788115787934071542749235219717960907738022160656949998109564948775830622175498355081216,-0.045983,14.500000,118.106618,1,stable,0.000000,0,1,0.001000,0,1.312132
39.600000,0,0.934548,0,0,0,0.000021,0.002798,0,1.313467,0.000001,0,0.000000,61015764340584898210393113708128764292172672960880586072984845856563622015727296499941376,-0.053513,14.600000,121.842801,1,stable,0.000000,0,1,0.017293,0,1.313467
39.700000,0,0.927558,0,0,0,0.000021,0.008127,0,1.317356,0.000001,0,0.000000,61015764340584898210393113708128764292172672960880586072984845856563622015727296499941376,-0.000031,14.700000,125.823086,1,stable,0.000000,0,1,0.037621,0,1.317356
39.800000,0,0.923592,0,0,0,0.000021,0.012688,0,1.323459,0.000001,0,0.000000,61015764340584898210393113708128764292172672960880586072984845856563622015727296499941376,0.053284,14.800000,128.171154,1,stable,0.000000,0,1,0.058247,0,1.323459
39.900000,0,0.923588,0,0,0,0.000021,0.016050,0,1.331227,0.000001,0,0.000000,61015764340584898210393113708128764292172672960880586072984845856563622015727296499941376,0.045610,14.900000,130.608527,1,stable,0.000000,0,1,0.079073,0,1.331227
40,0,0.926469,0,0,0,0.000023,0.017881,0,1.339942,0.000001,0,0.000000,61015764340584898210393113708128764292172672960880586072984845856563622015727296499941376,0.033618,15,134.557463,1,stable,0.000000,0,1,0.100000,0,1.339942
40.100000,0,0.928852,0,0,0,0.000021,0.017983,0,1.348769,0.000001,0,0.000000,60262483299343104632005964253324517942982144153087005766694641276436972925817830133202944,0.018313,15.100000,138.752635,1,stable,0.000000,0,1,0.120927,0,1.348769
40.200000,0,0.926365,0,0,0,0.000019,0.016318,0,1.356829,0.000001,0,0.000000,60262483299343104632005964253324517942982144153087005766694641276436972925817830133202944,0.001025,15.200000,140.526113,1,stable,0.000000,0,1,0.141753,0,1.356829
40.300000,0,0.916137,0,0,0,0.000021,0.013020,0,1.363293,0.000001,0,0.000000,60262483299343104632005964253324517942982144153087005766694641276436972925817830133202944,-0.016654,15.300000,142.345514,1,stable,0.000000,0,1,0.162379,0,1.363293
40.400000,0,0.899078,0,0,0,0.000021,0.008396,0,1.367475,0.000001,0,0.000000,60262483299343104632005964253324517942982144153087005766694641276436972925817830133202944,-0.032982,15.400000,150.860328,1,stable,0.000000,0,1,0.182707,0,1.367475
40.500000,0,0.880554,0,0,0,0.000022,0.002901,0,1.368921,0.000001,0,0.000000,60262483299343104632005964253324517942982144153087005766694641276436972925817830133202944,-0.046241,15.500000,160.458631,1,stable,0.000000,0,1,0.202643,0,1.368921
40.600000,0,0.868472,0,0,0,0.000021,0.002905,0,1.367475,0.000001,0,0.000000,59527574966424287144711776776276330935529923245326684148800266078245769900676735274319872,-0.054944,15.600000,161.059139,1,stable,0.000000,0,1,0.222096,0,1.367475
40.700000,0,0.869010,0,0,0,0.000021,0.008423,0,1.363293,0.000001,0,0.000000,59527574966424287144711776776276330935529923245326684148800266078245769900676735274319872,0.000033,15.700000,161.664158,1,stable,0.000000,0,1,0.240981,0,1.363293
40.800000,0,0.882722,0,0,0,0.000022,0.013086,0,1.356829,0.000001,0,0.000000,59527574966424287144711776776276330935529923245326684148800266078245769900676735274319872,0.055185,15.800000,164.127956,1,stable,0.000000,0,1,0.259218,0,1.356829
40.900000,0,0.904370,0,0,0,0.000021,0.016422,0,1.348769,0.000001,0,0.000000,59527574966424287144711776776276330935529923245326684148800266078245769900676735274319872,0.046627,15.900000,166.668014,1,stable,0.000000,0,1,0.276734,0,1.348769
41,0,0.926469,0,0,0,0.000021,0.018110,0,1.339942,0.000001,0,0.000000,59527574966424287144711776776276330935529923245326684148800266078245769900676735274319872,0.033362,16,174.635592,1,stable,0.000000,0,1,0.293459,0,1.339942
41.100000,0,0.943205,0,0,0,0.000022,0.018006,0,1.331227,0.000001,0,0.000000,58810375268033638617428946241380540100853059027416894160812469952735930644254272633438208,0.016880,16.100000,183.403196,1,stable,0.000000,0,1,0.309334,0,1.331227
41.200000,0,0.952136,0,0,0,0.000022,0.016151,0,1.323459,0.000001,0,0.000000,58810375268033638617428946241380540100853059027416894160812469952735930644254272633438208,-0.001037,16.200000,187.133787,1,stable,0.000000,0,1,0.324303,0,1.323459
41.300000,0,0.953688,0,0,0,0.000020,0.012751,0,1.317356,0.000001,0,0.000000,58810375268033638617428946241380540100853059027416894160812469952735930644254272633438208,-0.018555,16.300000,191.019295,1,stable,0.000000,0,1,0.338318,0,1.317356
41.400000,0,0.949772,0,0,0,0.000021,0.008153,0,1.313467,0.000001,0,0.000000,58810375268033638617428946241380540100853059027416894160812469952735930644254272633438208,-0.033997,16.400000,196.263776,1,stable,0.000000,0,1,0.351335,0,1.313467
41.500000,0,0.942661,0,0,0,0.000019,0.002802,0,1.312132,0.000001,0,0.000000,58810375268033638617428946241380540100853059027416894160812469952735930644254272633438208,-0.045983,16.500000,201.804362,1,stable,0.000000,0,1,0.363320,0,1.312132
41.600000,0,0.934548,0,0,0,0.000019,0.002798,0,1.313467,0.000001,0,0.000000,58110251752937998295612489245836918373497783772267224831414138911012973348311710952325120,-0.053513,16.600000,205.054492,1,stable,0.000000,0,1,0.374240,0,1.313467
41.700000,0,0.927558,0,0,0,0.000022,0.008127,0,1.317356,0.000001,0,0.000000,58110251752937998295612489245836918373497783772267224831414138911012973348311710952325120,-0.000031,16.700000,208.411024,1,stable,0.000000,0,1,0.384069,0,1.317356
41.800000,0,0.923592,0,0,0,0.000022,0.012688,0,1.323459,0.000001,0,0.000000,58110251752937998295612489245836918373497783772267224831414138911012973348311710952325120,0.053284,16.800000,213.300598,1,stable,0.000000,0,1,0.392784,0,1.323459
41.900000,0,0.923588,0,0,0,0.000022,0.016050,0,1.331227,0.000001,0,0.000000,58110251752937998295612489245836918373497783772267224831414138911012973348311710952325120,0.045610,16.900000,218.425114,1,stable,0.000000,0,1,0.400369,0,1.331227
42,0,0.926469,0,0,0,0.000021,0.017881,0,1.339942,0.000001,0,0.000000,58110251752937998295612489245836918373497783772267224831414138911012973348311710952325120,0.033618,17,231.885526,1,stable,0.000000,0,1,0.406809,0,1.339942
42.100000,0,0.928852,0,0,0,0.000020,0.017983,0,1.348769,0.000001,0,0.000000,57426601732315197899935385895089582961268986141318547873989526247208359986188937578151936,0.018313,17.100000,247.113879,1,stable,0.000000,0,1,0.412092,0,1.348769
42.200000,0,0.926365,0,0,0,0.000020,0.016318,0,1.356829,0.000001,0,0.000000,57426601732315197899935385895089582961268986141318547873989526247208359986188937578151936,0.001025,17.200000,251.507091,1,stable,0.000000,0,1,0.416209,0,1.356829
42.300000,0,0.916137,0,0,0,0.000020,0.013020,0,1.363293,0.000001,0,0.000000,57426601732315197899935385895089582961268986141318547873989526247208359986188937578151936,-0.016654,17.300000,256.059336,1,stable,0.000000,0,1,0.419154,0,1.363293
42.400000,0,0.899078,0,0,0,0.000020,0.008396,0,1.367475,0.000001,0,0.000000,57426601732315197899935385895089582961268986141318547873989526247208359986188937578151936,-0.032982,17.400000,259.660494,1,stable,0.000000,0,1,0.420923,0,1.367475
42.500000,0,0.880554,0,0,0,0.000020,0.002901,0,1.368921,0.000001,0,0.000000,57426601732315197899935385895089582961268986141318547873989526247208359986188937578151936,-0.046241,17.500000,263.364388,1,stable,0.000000,0,1,0.421513,0,1.368921
42.600000,0,0.868472,0,0,0,0.000020,0.002905,0,1.367475,0.000001,0,0.000000,56758850549381300003399337485372123217538300152291329992550034517503291876357968356179968,-0.054944,17.600000,273.228210,1,stable,0.000000,0,1,0.420923,0,1.367475
42.700000,0,0.869010,0,0,0,0.000019,0.008423,0,1.363293,0.000001,0,0.000000,56758850549381300003399337485372123217538300152291329992550034517503291876357968356179968,0.000033,17.700000,283.859645,1,stable,0.000000,0,1,0.419154,0,1.363293
42.800000,0,0.882722,0,0,0,0.000019,0.013086,0,1.356829,0.000001,0,0.000000,56758850549381300003399337485372123217538300152291329992550034517503291876357968356179968,0.055185,17.800000,284.281383,1,stable,0.000000,0,1,0.416209,0,1.356829
42.900000,0,0.904370,0,0,0,0.000021,0.016422,0,1.348769,0.000001,0,0.000000,56758850549381300003399337485372123217538300152291329992550034517503291876357968356179968,0.046627,17.900000,284.704377,1,stable,0.000000,0,1,0.412092,0,1.348769
43,0,0.926469,0,0,0,0.000021,0.018110,0,1.339942,0.000001,0,0.000000,56758850549381300003399337485372123217538300152291329992550034517503291876357968356179968,0.033362,18,318.379612,1,stable,0.000000,0,1,0.406809,0,1.339942
43.100000,0,0.943205,0,0,0,0.000021,0.018006,0,1.331227,0.000001,0,0.000000,56106449968353931094788534919937756647940274704317266843073965587092899350265570443395072,0.016880,18.100000,361.089826,1,stable,0.000000,0,1,0.400369,0,1.331227
43.200000,0,0.952136,0,0,0,0.000021,0.016151,0,1.323459,0.000001,0,0.000000,56106449968353931094788534919937756647940274704317266843073965587092899350265570443395072,-0.001037,18.200000,374.258848,1,stable,0.000000,0,1,0.392784,0,1.323459
43.300000,0,0.953688,0,0,0,0.000021,0.012751,0,1.317356,0.000001,0,0.000000,56106449968353931094788534919937756647940274704317266843073965587092899350265570443395072,-0.018555,18.300000,388.424783,1,stable,0.000000,0,1,0.384069,0,1.317356
43.400000,0,0.949772,0,0,0,0.000021,0.008153,0,1.313467,0.000001,0,0.000000,56106449968353931094788534919937756647940274704317266843073965587092899350265570443395072,-0.033997,18.400000,388.998685,1,stable,0.000000,0,1,0.374240,0,1.313467
43.500000,0,0.942661,0,0,0,0.000021,0.002802,0,1.312132,0.000001,0,0.000000,56106449968353931094788534919937756647940274704317266843073965587092899350265570443395072,-0.045983,18.500000,389.574285,1,stable,0.000000,0,1,0.363320,0,1.312132
43.600000,0,0.934548,0,0,0,0.000021,0.002798,0,1.313467,0.000001,0,0.000000,55468876673258998373084648825571603901975157237164169157258950778694201832479360454492160,-0.053513,18.600000,408.007419,1,stable,0.000000,0,1,0.351335,0,1.313467
43.700000,0,0.927558,0,0,0,0.000021,0.008127,0,1.317356,0.000001,0,0.000000,55468876673258998373084648825571603901975157237164169157258950778694201832479360454492160,-0.000031,18.700000,428.271558,1,stable,0.000000,0,1,0.338318,0,1.317356
43.800000,0,0.923592,0,0,0,0.000021,0.012688,0,1.323459,0.000001,0,0.000000,55468876673258998373084648825571603901975157237164169157258950778694201832479360454492160,0.053284,18.800000,459.986840,1,stable,0.000000,0,1,0.324303,0,1.323459
43.900000,0,0.923588,0,0,0,0.000021,0.016050,0,1.331227,0.000001,0,0.000000,55468876673258998373084648825571603901975157237164169157258950778694201832479360454492160,0.045610,18.900000,496.775092,1,stable,0.000000,0,1,0.309334,0,1.331227
44,0,0.926469,0,0,0,0.000021,0.017881,0,1.339942,0.000001,0,0.000000,55468876673258998373084648825571603901975157237164169157258950778694201832479360454492160,0.033618,19,501.048229,1,stable,0.000000,0,1,0.293459,0,1.339942
44.100000,0,0.928852,0,0,0,0.000021,0.017983,0,1.348769,0.000001,0,0.000000,54845630867941480584525730194245542959275660687756832877747872117925615409225686044377088,0.018313,19.100000,505.395516,1,stable,0.000000,0,1,0.276734,0,1.348769
44.200000,0,0.926365,0,0,0,0.000020,0.016318,0,1.356829,0.000001,0,0.000000,54845630867941480584525730194245542959275660687756832877747872117925615409225686044377088,0.001025,19.200000,526.292357,1,stable,0.000000,0,1,0.259218,0,1.356829
44.300000,0,0.916137,0,0,0,0.000020,0.013020,0,1.363293,0.000001,0,0.000000,54845630867941480584525730194245542959275660687756832877747872117925615409225686044377088,-0.016654,19.300000,548.991796,1,stable,0.000000,0,1,0.240981,0,1.363293
44.400000,0,0.899078,0,0,0,0.000020,0.008396,0,1.367475,0.000001,0,0.000000,54845630867941480584525730194245542959275660687756832877747872117925615409225686044377088,-0.032982,19.400000,550.309072,1,stable,0.000000,0,1,0.222096,0,1.367475
44.500000,0,0.880554,0,0,0,0.000020,0.002901,0,1.368921,0.000001,0,0.000000,54845630867941480584525730194245542959275660687756832877747872117925615409225686044377088,-0.046241,19.500000,551.632684,1,stable,0.000000,0,1,0.202643,0,1.368921
44.600000,0,0.868472,0,0,0,0.000020,0.002905,0,1.367475,0.000001,0,0.000000,54236234969408798409238323296114457148597931520782743175986529650278775125090930222170112,-0.054944,19.600000,652.355658,1,stable,0.000000,0,1,0.182707,0,1.367475
44.700000,0.000000,0.869010,0,0,0,0.000020,1.008423,0.000000,1.363293,0.000001,0,0.000000,54236234969408798409238323296114457148597931520782743175986529650278775125090930222170112,0.000033,19.700000,798.077074,1,transitoire,0.000000,0.000000,1,0.162379,0.000000,1.363293
44.800000,0.000000,0.882722,0,0,0,0.000020,1.013086,0.000000,1.356829,0.000001,0,0.000000,54236234969408798409238323296114457148597931520782743175986529650278775125090930222170112,10.055185,19.800000,821.595748,1,transitoire,0.000000,0.000000,1,0.141753,0.000000,1.356829
44.900000,0.000000,0.904370,-0.000000,0.000000,0,0.000020,1.016422,0.000000,1.348769,0.000001,0,0.000000,54236234969408798409238323296114457148597931520782743175986529650278775125090930222170112,0.046627,19.900000,846.542663,1,transitoire,0.000000,0.000000,1,0.120927,0.000000,1.348769
45,-0.000000,0.926469,-0.000000,0.000000,0,0.000020,1.018110,0.000000,1.339942,0.000001,0,0.000000,54236234969408798409238323296114457148597931520782743175986529650278775125090930222170112,0.033362,20,848.957207,1,transitoire,0.000000,-0.000000,1,0.100000,0.000000,1.339942
45.100000,-0.000000,0.943205,-0.000000,0.000000,0,0.000023,1.018006,0.000000,1.331227,0.000001,0.986103,0.000000,53640232387327379236587081319637060934587952651191404215955427262678834828828222710349824,0.016880,20.100000,851.385563,1,transitoire,0.000000,-0.000000,1,0.079073,0.000000,1.331227
45.200000,-0.000000,0.952136,0.000000,0.000000,0,0.000022,1.016151,0.000000,1.323459,0.000001,0.986103,0.000000,53640232387327379236587081319637060934587952651191404215955427262678834828828222710349824,-0.001037,20.200000,873.142248,1,transitoire,0.000000,-0.000000,1,0.058247,0.000000,1.323459
45.300000,-0.000000,0.953688,0.000000,0.000000,0,0.000018,1.012751,0.000000,1.317356,0.000001,0.986103,0.000000,53640232387327379236587081319637060934587952651191404215955427262678834828828222710349824,-0.018555,20.300000,896.040054,1,transitoire,0.000000,-0.000000,1,0.037621,0.000000,1.317356
45.400000,-0.000000,0.949772,0.000000,0.000000,0,0.000018,1.008153,0.000000,1.313467,0.000001,0.986103,0.000000,53640232387327379236587081319637060934587952651191404215955427262678834828828222710349824,-0.033997,20.400000,920.334392,1,transitoire,0.000000,-0.000000,1,0.017293,0.000000,1.313467
45.500000,-0.000000,0.942661,0.000000,0.000000,0,0.000019,1.002802,0.000000,1.312132,0.000001,0.986103,0.000000,53640232387327379236587081319637060934587952651191404215955427262678834828828222710349824,-0.045983,20.500000,945.982829,1,transitoire,0.000000,-0.000000,1,0.001000,0.000000,1.312132
45.600000,-0.000000,0.934548,0.000000,0.000000,0,0.000018,1.002797,0.000000,1.313467,0.000001,0.986103,0.000000,53057186383117300640701933059470176413527106018082316447397730635388765778677056252411904,-0.053513,20.600000,1022.516769,1,transitoire,0.000000,-0.000000,1,0.001000,0.000000,1.313467
45.700000,-0.000000,0.927558,0.000000,0.000000,0,0.000018,1.008109,0.000000,1.317356,0.000001,0.986103,0.000000,53057186383117300640701933059470176413527106018082316447397730635388765778677056252411904,-0.000043,20.700000,1112.524632,1,chronique,0.000000,-0.000000,1,0.001000,0.000000,1.317356
45.800000,0.000000,0.923592,0.000000,0.000000,0,0.000018,1.012551,0.000000,1.323459,0.000001,0.986103,0.000000,53057186383117300640701933059470176413527106018082316447397730635388765778677056252411904,0.053116,20.800000,1242.097457,1,chronique,0.000000,0.000000,1,0.001000,0.000000,1.323459
45.900000,0.000000,0.923588,0.000000,0.000000,0,0.000018,1.015399,0.000000,1.331227,0.000001,0.986107,0.000000,53057186383117300640701933059470176413527106018082316447397730635388765778677056252411904,0.044423,20.900000,1405.830894,1,chronique,0.000000,0.000000,1,0.001000,0.000000,1.331227
46,0.000000,0.926469,-0.000000,0.000000,0,0.000019,1.015679,0.000000,1.339942,0.000001,0.986102,0.000000,53057186383117300640701933059470176413527106018082316447397730635388765778677056252411904,0.028481,21,1442.301032,1,chronique,0.000000,0.000000,1,0.001000,0.000000,1.339942
46.100000,0.000000,0.928852,-0.000000,0.000000,0,0.000018,1.012194,0.000000,1.348769,0.000001,0.986089,0.000000,52486679002653676563848854071743408692177675952854983393851698452122282297161365231501312,0.002798,21.100000,1480.713787,1,chronique,0.000000,0.000000,1,0.001000,0.000000,1.348769
46.200000,0.000000,0.926365,-0.000000,0.000000,0,0.000020,1.003742,0.000000,1.356829,0.000001,0.986037,0.000000,52486679002653676563848854071743408692177675952854983393851698452122282297161365231501312,-0.034848,21.200000,1582.791541,1,chronique,0.000000,0.000000,1,0.001000,0.000000,1.356829
46.300000,0.000000,0.916137,-0.000000,0.000000,0,0.000020,0.989417,0.000000,1.363293,0.000001,0.985792,0.000000,52486679002653676563848854071743408692177675952854983393851698452122282297161365231501312,-0.084524,21.300000,1699.985493,1,chronique,0.000000,0.000000,1,0.001000,0.000000,1.363293
46.400000,-0.000000,0.899078,-0.000000,0.000000,0,0.000020,0.968851,0.000000,1.367475,0.000001,0.978598,0.000000,52486679002653676563848854071743408692177675952854983393851698452122282297161365231501312,-0.143254,21.400000,1941.994343,1,chronique,0.000000,-0.000000,1,0.001000,0.000000,1.367475
46.500000,-0.000000,0.880554,-0.000000,0.000000,0,0.000020,0.942302,0.000000,1.368921,0.000001,0.986146,0.000000,52486679002653676563848854071743408692177675952854983393851698452122282297161365231501312,-0.205657,21.500000,2264.345061,1,chronique,0.000000,-0.000000,1,0.001000,0.000000,1.368921
46.600000,-0.000000,0.868472,0.000000,0.000000,0,0.000020,0.916394,0.000000,1.367475,0.000001,0.985432,0.000000,51928310077093531895523556158734547979123552088339661191888291686963897989219998121328640,-0.265487,21.600000,2593.482740,1,chronique,0.000000,-0.000000,1,0.001000,0.000000,1.367475
46.700000,-0.000000,0.869010,0.000000,0.000000,0,0.000020,0.891745,0.000000,1.363293,0.000001,0.983678,0.000000,51928310077093531895523556158734547979123552088339661191888291686963897989219998121328640,-0.259084,21.700000,3034.579079,1,chronique,0.000000,-0.000000,1,0.001000,0.000000,1.363293
46.800000,-0.000000,0.882722,0.000000,0.000000,0,0.000021,0.862799,0.000000,1.356829,0.000001,0.980486,0.000000,51928310077093531895523556158734547979123552088339661191888291686963897989219998121328640,-0.246482,21.800000,3449.738201,1,chronique,0.000000,-0.000000,1,0.001000,0.000000,1.356829
46.900000,-0.000000,0.904370,0.000000,0.000000,0,0.000020,0.829982,0.000000,1.348769,0.000001,0.975445,0.000000,51928310077093531895523556158734547979123552088339661191888291686963897989219998121328640,-0.289461,21.900000,3996.496760,1,chronique,0.000000,-0.000000,1,0.001000,0.000000,1.348769
47,-0.000000,0.926469,0.000000,0.000000,0,0.000020,0.793858,0.000000,1.339942,0.000001,0.968353,0.000000,51928310077093531895523556158734547979123552088339661191888291686963897989219998121328640,-0.328170,22,4026.713885,1,stable,0.000000,-0.000000,1,0.001000,0.000000,1.339942
47.100000,-0.000000,0.943205,0.000000,0.000000,0,0.000020,0.755091,0.000000,1.331227,0.000001,0.958788,0.000000,51381696286808333847196672782942681860105408183547006522527114931321822226628290700902400,-0.361244,22.100000,4057.391428,1,stable,0.000000,-0.000000,1,0.001000,0.000000,1.331227
47.200000,-0.000000,0.952136,0.000000,0.000000,0,0.000020,0.714419,0.000000,1.323459,0.000001,0.930714,0.000000,51381696286808333847196672782942681860105408183547006522527114931321822226628290700902400,-0.387668,22.200000,4283.404724,1,stable,0.000000,-0.000000,1,0.001000,0.000000,1.323459
47.300000,0.000000,0.953688,0.000000,0.000000,0,0.000020,0.672621,0.000000,1.317356,0.000001,0.926701,0.000000,51381696286808333847196672782942681860105408183547006522527114931321822226628290700902400,-0.406725,22.300000,4536.083105,1,stable,0.000000,0.000000,1,0.001000,0.000000,1.317356
47.400000,0.000000,0.949772,0.000000,0.000000,0,0.000020,0.630492,0.000000,1.313467,0.000001,0.984640,0.000000,51381696286808333847196672782942681860105408183547006522527114931321822226628290700902400,-0.417981,22.400000,5049.164752,1,stable,0.000000,0.000000,1,0.001000,0.000000,1.313467
47.500000,0.000000,0.942661,-0.000000,0.000000,0,0.000020,0.588817,0.000000,1.312132,0.000001,0.986070,0.000000,51381696286808333847196672782942681860105408183547006522527114931321822226628290700902400,-0.421284,22.500000,5693.120216,1,stable,0.000000,0.000000,1,0.001000,0.000000,1.312132
47.600000,0.000000,0.934548,-0.000000,0.000000,0,0.000020,0.553936,0.000000,1.313467,0.000001,0.985662,0.000000,50846470283820744974966798533338644410215559314896790072519577795898435436560344498044928,-0.416755,22.600000,5748.153772,1,stable,0.000000,0.000000,1,0.001000,0.000000,1.313467
47.700000,0.000000,0.927558,-0.000000,0.000001,0,0.000020,0.525990,0.000000,1.317356,0.000001,0.983949,0.000000,50846470283820744974966798533338644410215559314896790072519577795898435436560344498044928,-0.348813,22.700000,5804.261698,1,stable,0.000000,0.000000,1,0.001000,0.000000,1.317356
47.800000,0.000000,0.923592,-0.000000,0.000001,0,0.000020,0.498976,0.000000,1.323459,0.000001,0.974438,0.000000,50846470283820744974966798533338644410215559314896790072519577795898435436560344498044928,-0.279451,22.800000,7128.012127,1,stable,0.000000,0.000000,1,0.001000,0.000000,1.323459
47.900000,-0.000000,0.923588,-0.000000,0.000002,0,0.000020,0.472501,0.000001,1.331227,0.000001,0.868450,0.000000,50846470283820744974966798533338644410215559314896790072519577795898435436560344498044928,-0.270147,22.900000,9233.956863,1,stable,0.000000,-0.000000,1,0.001000,0.000001,1.331227
48,-0.000000,0.926469,-0.000000,0.000003,0,0.000020,0.446237,0.000001,1.339942,0.000001,0.877354,0.000001,50846470283820744974966798533338644410215559314896790072519577795898435436560344498044928,-0.264748,23,9590.646411,1,stable,0.000000,-0.000001,1,0.001000,0.000001,1.339942
48.100000,-0.000000,0.928852,0.000000,0.000005,0,0.000020,0.419957,0.000002,1.348769,0.000001,0.986001,0.000002,50322279868523624912786064812268374433457255008593079724752347355060942852780828290711552,-0.262642,23.100000,9975.999608,1,stable,-0.000000,-0.000002,1,0.001000,0.000002,1.348769
48.200000,-0.000000,0.926365,0.000000,0.000009,0,0.000020,0.393576,0.000004,1.356829,0.000001,0.984570,0.000004,50322279868523624912786064812268374433457255008593079724752347355060942852780828290711552,-0.262792,23.200000,9993.562213,1,stable,-0.000000,-0.000004,1,0.001000,0.000004,1.356829
48.300000,-0.000000,0.916137,0.000000,0.000014,0,0.000020,0.367165,0.000006,1.363293,0.000001,0.967462,0.000004,50322279868523624912786064812268374433457255008593079724752347355060942852780828290711552,-0.263814,23.300000,10011.186766,1,stable,-0.000001,-0.000004,1,0.001000,0.000006,1.363293
48.400000,-0.000000,0.899078,0.000000,0.000020,0,0.000024,0.340960,0.000009,1.367475,0.000001,0.855857,0.000001,50322279868523624912786064812268374433457255008593079724752347355060942852780828290711552,-0.264109,23.400000,10908.061001,1,stable,-0.000001,-0.000002,1,0.001000,0.000009,1.367475
48.500000,0.000000,0.880554,0.000000,0.000030,0,0.000020,0.315341,0.000013,1.368921,0.000001,0.845195,0.000004,50322279868523624912786064812268374433457255008593079724752347355060942852780828290711552,-0.262049,23.500000,11981.445181,1,stable,-0.000001,0.000003,1,0.001000,0.000013,1.368921
48.600000,0.000000,0.868472,0.000000,0.000042,0,0.000019,0.296595,0.000019,1.367475,0.000001,0.891737,0.000012,49808787216803998539096419353574501462998100376229049855497833352296834298552895101992960,-0.256199,23.600000,16453.756515,1,stable,-0.000001,0.000012,1,0.001000,0.000019,1.367475
48.700000,0.000000,0.869010,-0.000000,0.000058,0,0.000021,0.284662,0.000026,1.363293,0.000001,0.984833,0.000022,49808787216803998539096419353574501462998100376229049855497833352296834298552895101992960,-0.187457,23.700000,26253.331710,1,stable,0.000000,0.000022,1,0.001000,0.000026,1.363293
48.800000,0.000000,0.882722,-0.000001,0.000078,0,0.000018,0.273092,0.000035,1.356829,0.000001,0.976380,0.000032,49808787216803998539096419353574501462998100376229049855497833352296834298552895101992960,-0.119331,23.800000,31614.640029,1,stable,0.000002,0.000034,1,0.001000,0.000035,1.356829
48.900000,0.000000,0.904370,-0.000001,0.000103,0,0.000018,0.261340,0.000046,1.348769,0.000001,0.957825,0.000042,49808787216803998539096419353574501462998100376229049855497833352296834298552895101992960,-0.115694,23.900000,39727.584833,1,stable,0.000005,0.000046,1,0.001000,0.000046,1.348769
49,0.000000,0.926469,-0.000002,0.000134,0,0.000018,0.249011,0.000060,1.339942,0.000001,0.930787,0.000049,49808787216803998539096419353574501462998100376229049855497833352296834298552895101992960,-0.117520,24,47568.069304,1,stable,0.000008,0.000057,1,0.001000,0.000060,1.339942
49.100000,0.000000,0.943205,-0.000003,0.000172,0,0.000018,0.235892,0.000077,1.331227,0.000001,0.888354,0.000051,49305668154007998553853021178285870135089028655257039250896845136617068295537209292881920,-0.123290,24.100000,59264.231842,1,stable,0.000012,0.000063,1,0.001000,0.000077,1.331227
49.200000,0.000000,0.952136,-0.000003,0.000216,0,0.000018,0.221957,0.000097,1.323459,0.000001,0.807355,0.000040,49305668154007998553853021178285870135089028655257039250896845136617068295537209292881920,-0.131191,24.200000,82235.879501,1,stable,0.000017,0.000057,1,0.001000,0.000097,1.323459
49.300000,0.000000,0.953688,-0.000004,0.000267,0,0.000019,0.207349,0.000120,1.317356,0.000001,0.688651,0.000011,49305668154007998553853021178285870135089028655257039250896845136617068295537209292881920,-0.139356,24.300000,134287.660638,1,stable,0.000021,0.000032,1,0.001000,0.000120,1.317356
49.400000,-0.000000,0.949772,-0.000003,0.000327,0,0.000018,0.192356,0.000147,1.313467,0.000001,0.681843,0.000040,49305668154007998553853021178285870135089028655257039250896845136617068295537209292881920,-0.146074,24.400000,135132.773547,1,stable,0.000022,-0.000018,1,0.001000,0.000147,1.313467
49.500000,-0.000000,0.942661,-0.000002,0.000395,0,0.000018,0.177367,0.000178,1.312132,0.000001,0.692786,0.000113,49305668154007998553853021178285870135089028655257039250896845136617068295537209292881920,-0.149929,24.500000,135988.590926,1,stable,0.000020,-0.000093,1,0.001000,0.000178,1.312132
49.600000,-0.000000,0.934548,0.000001,0.000483,0,0.000020,0.188206,0.000218,1.313467,0.000001,0.974249,0.000194,48812611472467917154836839143795547767100137774369656196400759184755731115296876165857280,-0.149890,24.600000,150884.199007,1,stable,0.000011,-0.000183,1,0.017293,0.000218,1.313467
49.700000,-0.000000,0.927558,0.000005,0.000588,0,0.000020,0.190147,0.000266,1.317356,0.000001,0.975739,0.000261,48812611472467917154836839143795547767100137774369656196400759184755731115296876165857280,0.108386,24.700000,169444.414812,1,stable,-0.000004,-0.000259,1,0.037621,0.000266,1.317356
49.800000,-0.000000,0.923592,0.000010,0.000708,0,0.000020,0.187416,0.000321,1.323459,0.000001,0.942388,0.000264,48812611472467917154836839143795547767100137774369656196400759184755731115296876165857280,0.019416,24.800000,170118.067906,1,stable,-0.000025,-0.000289,1,0.058247,0.000321,1.323459
49.900000,-0.000000,0.923588,0.000015,0.000846,0,0.000020,0.183913,0.000384,1.331227,0.000001,0.839831,0.000162,48812611472467917154836839143795547767100137774369656196400759184755731115296876165857280,-0.027317,24.900000,170797.098810,1,stable,-0.000047,-0.000206,1,0.079073,0.000384,1.331227
